2 0.023697916 0.6990741 0.047395833 0.17037037
2 0.09296875 0.70046294 0.111979164 0.11388889
2 0.17682292 0.7 0.06614583 0.083333336
2 0.22213541 0.6888889 0.0546875 0.072222225
2 0.2565104 0.67314816 0.053645834 0.07962963
2 0.32135418 0.675 0.03125 0.037037037
1 0.38776043 0.68101853 0.024479168 0.05462963
2 0.36145833 0.66712964 0.017708333 0.036111113
2 0.43958333 0.67175925 0.019791666 0.030555556
1 0.4778646 0.6736111 0.0078125 0.03425926
4 0.47916666 0.66064817 0.021875 0.043518517
2 0.5375 0.6791667 0.042708334 0.0712963
2 0.5625 0.68194443 0.05 0.08981481
2 0.575 0.7 0.046875 0.07777778
2 0.6039063 0.7037037 0.059895832 0.09259259
2 0.75130206 0.72962964 0.30052084 0.35
2 0.9375 0.76296294 0.123958334 0.29074073
