2 0.12994792 0.78657407 0.25989583 0.42685184
2 0.40416667 0.8680556 0.396875 0.26203704
3 0.41822916 0.6398148 0.23020834 0.17037037
3 0.24583334 0.56666666 0.14479166 0.2
1 0.7447917 0.70787036 0.065625 0.16388889
2 0.7708333 0.6564815 0.16458334 0.09259259
1 0.8049479 0.8365741 0.106770836 0.3101852
1 0.79375 0.7421296 0.06979167 0.19722222
1 0.8481771 0.73796296 0.055729166 0.18148148
2 0.9513021 0.5037037 0.096354164 0.07777778
3 0.9513021 0.5824074 0.096354164 0.23333333
3 0.38958332 0.57222223 0.05625 0.08888889
4 0.40885416 0.5856481 0.025 0.05277778
3 0.4440104 0.587037 0.019270834 0.046296295
