0 0.2 0.662037 0.016666668 0.085185185
2 0.38802084 0.64398146 0.017708333 0.021296296
0 0.4294271 0.6550926 0.0109375 0.06388889
2 0.47265625 0.64305556 0.0140625 0.021296296
2 0.49609375 0.6490741 0.0109375 0.016666668
2 0.51770836 0.6458333 0.015625 0.025
1 0.70729166 0.68101853 0.01875 0.073148146
1 0.68958336 0.6699074 0.013541667 0.05277778
1 0.65833336 0.67546296 0.016666668 0.06759259
0 0.67760414 0.66018516 0.0072916667 0.05185185
0 0.7671875 0.66481483 0.010416667 0.06851852
0 0.7872396 0.66712964 0.016145833 0.08240741
