2 0.13880208 0.78657407 0.27760416 0.42685184
2 0.40338543 0.86435187 0.39010417 0.2712963
3 0.24739583 0.5634259 0.14270833 0.19351852
3 0.38645834 0.5810185 0.047916666 0.11018518
1 0.55390626 0.66805553 0.0765625 0.108333334
1 0.5828125 0.6458333 0.026041666 0.08981481
1 0.60234374 0.64305556 0.0234375 0.08611111
1 0.6544271 0.67638886 0.086979166 0.12685186
1 0.7268229 0.6574074 0.0265625 0.094444446
1 0.7638021 0.7384259 0.059895832 0.20462963
1 0.79114586 0.7046296 0.054166667 0.15925926
1 0.8421875 0.6328704 0.036458332 0.05462963
1 0.87708336 0.7421296 0.065625 0.18981482
1 0.8960937 0.8518519 0.1515625 0.2962963
