2 0.083072916 0.6675926 0.16614583 0.5092593
2 0.8611979 0.76944447 0.2765625 0.45925927
1 0.21536459 0.61296296 0.022395832 0.10185185
2 0.3122396 0.62175924 0.086979166 0.0787037
2 0.38828126 0.63055557 0.0828125 0.10185185
2 0.43151042 0.6259259 0.040104166 0.07037037
2 0.4455729 0.61944443 0.027604166 0.05
4 0.44791666 0.60231483 0.020833334 0.05462963
2 0.47395834 0.6162037 0.017708333 0.021296296
2 0.47083333 0.60694444 0.017708333 0.03425926
2 0.5023438 0.6226852 0.0390625 0.060185187
2 0.59791666 0.64444447 0.110416666 0.14629629
