2 0.48046875 0.8388889 0.47760418 0.32222223
3 0.91614586 0.6300926 0.16770834 0.7398148
1 0.9106771 0.6652778 0.030729167 0.11388889
1 0.8825521 0.6949074 0.033854168 0.12685186
1 0.8723958 0.71435183 0.041666668 0.15277778
2 0.91822916 0.60601854 0.0375 0.04537037
3 0.8296875 0.6125 0.15104167 0.08796296
5 0.6346354 0.61435187 0.030729167 0.047222223
1 0.58723956 0.64537036 0.0671875 0.087037034
3 0.5622396 0.6134259 0.13489583 0.108333334
0 0.34088543 0.60833335 0.011979166 0.046296295
3 0.34453124 0.5842593 0.038020834 0.072222225
2 0.328125 0.6050926 0.027083334 0.043518517
1 0.23177083 0.61157405 0.010416667 0.037962962
1 0.28802082 0.60231483 0.00625 0.026851851
1 0.21145834 0.61203706 0.009375 0.035185184
2 0.18385416 0.6226852 0.09375 0.060185187
