1 0.1265625 0.61851853 0.035416666 0.1
0 0.26380208 0.6032407 0.009895833 0.05277778
1 0.31067708 0.60925925 0.011979166 0.05
2 0.40625 0.60833335 0.025 0.03888889
2 0.43151042 0.6078704 0.016145833 0.021296296
3 0.48151043 0.6064815 0.021354167 0.035185184
2 0.46770832 0.6134259 0.021875 0.028703704
1 0.5046875 0.61527777 0.010416667 0.030555556
1 0.515625 0.62083334 0.011458334 0.043518517
1 0.52734375 0.6240741 0.018229166 0.055555556
2 0.6200521 0.6171296 0.027604166 0.026851851
1 0.6453125 0.6722222 0.039583333 0.16666667
1 0.6742188 0.6375 0.024479168 0.073148146
2 0.7005208 0.6203704 0.053125 0.04074074
2 0.7476562 0.6342593 0.0953125 0.05925926
2 0.8575521 0.6462963 0.1015625 0.06111111
2 0.87578124 0.650463 0.100520834 0.06759259
2 0.9434896 0.65925926 0.111979164 0.083333336
2 0.9223958 0.65324074 0.125 0.073148146
0 0.28671876 0.5962963 0.005729167 0.02962963
1 0.36796874 0.6064815 0.0078125 0.02962963
