3 0.061979167 0.4662037 0.123958334 0.08425926
2 0.3356771 0.45833334 0.075520836 0.05185185
4 0.38776043 0.44953704 0.1015625 0.06759259
2 0.9791667 0.7083333 0.041666668 0.1425926
2 0.70390624 0.65324074 0.12135417 0.0787037
2 0.61354166 0.6597222 0.134375 0.0787037
4 0.4846354 0.61851853 0.0171875 0.024074074
2 0.47734374 0.625 0.009895833 0.014814815
2 0.3986979 0.65185183 0.06614583 0.05740741
2 0.440625 0.6513889 0.046875 0.058333334
1 0.5309896 0.6300926 0.005729167 0.019444445
2 0.37213543 0.64305556 0.025520833 0.036111113
2 0.20651041 0.47361112 0.069270834 0.041666668
2 0.49479166 0.44398147 0.047916666 0.028703704
2 0.63489586 0.43101853 0.052083332 0.028703704
2 0.8833333 0.41296297 0.08125 0.055555556
