2 0.28020832 0.65 0.039583333 0.044444446
2 0.30364582 0.64537036 0.032291666 0.048148148
2 0.3359375 0.6513889 0.0375 0.043518517
2 0.35703126 0.64444447 0.024479168 0.044444446
2 0.38359374 0.65185183 0.031770833 0.042592593
1 0.4065104 0.65 0.0140625 0.046296295
2 0.40963542 0.6458333 0.0234375 0.037962962
3 0.42083332 0.6263889 0.025 0.049074072
2 0.4752604 0.6310185 0.008854167 0.013888889
2 0.4921875 0.6375 0.010416667 0.019444445
2 0.49739584 0.64444447 0.017708333 0.024074074
4 0.5111979 0.62916666 0.0140625 0.026851851
1 0.5278646 0.6722222 0.050520834 0.075925924
1 0.65260416 0.6643519 0.0125 0.05462963
1 0.6148437 0.65462965 0.0109375 0.042592593
1 0.6851562 0.66805553 0.015104166 0.05462963
1 0.7403646 0.68333334 0.024479168 0.085185185
0 0.7838542 0.6782407 0.015625 0.0712963
1 0.9059896 0.71435183 0.038020834 0.13055556
2 0.6294271 0.6449074 0.028645834 0.019444445
