2 0.13958333 0.6189815 0.07604167 0.049074072
2 0.17421874 0.6157407 0.050520834 0.044444446
2 0.43255207 0.6125 0.018229166 0.025
2 0.4578125 0.6078704 0.011458334 0.015740741
2 0.47265625 0.60833335 0.0140625 0.02037037
2 0.49114582 0.6148148 0.015625 0.024074074
2 0.51145834 0.6175926 0.026041666 0.042592593
2 0.5453125 0.63148147 0.0625 0.083333336
2 0.48359376 0.61064816 0.011979166 0.019444445
2 0.88932294 0.6310185 0.12447917 0.08611111
2 0.8226563 0.62777776 0.100520834 0.075925924
1 0.68125 0.6273148 0.017708333 0.062037036
2 0.72291666 0.62222224 0.067708336 0.048148148
1 0.7523438 0.6310185 0.016145833 0.0712963
2 0.7942708 0.62546295 0.083333336 0.06574074
