0 0.2421875 0.62453705 0.00625 0.043518517
2 0.27161458 0.63703704 0.0734375 0.094444446
1 0.3440104 0.62685186 0.009895833 0.037037037
2 0.5622396 0.62175924 0.0078125 0.013888889
0 0.56901044 0.62777776 0.0078125 0.02962963
2 0.5372396 0.6199074 0.0109375 0.013888889
2 0.5473958 0.6203704 0.010416667 0.016666668
2 0.553125 0.62453705 0.014583333 0.019444445
2 0.6359375 0.6263889 0.039583333 0.028703704
2 0.67578125 0.6259259 0.0328125 0.033333335
1 0.66276044 0.62916666 0.0078125 0.028703704
3 0.7466146 0.6050926 0.13385417 0.10462963
1 0.93385416 0.675 0.045833334 0.107407406
4 0.49635416 0.6111111 0.021875 0.03888889
