0 0.9356771 0.68101853 0.018229166 0.08055556
2 0.81666666 0.73888886 0.253125 0.2888889
2 0.5856771 0.66712964 0.052604165 0.08981481
2 0.63645834 0.68425924 0.10208333 0.11666667
3 0.5231771 0.61527777 0.12135417 0.25462964
2 0.5122396 0.57314813 0.0859375 0.16666667
2 0.4533854 0.65324074 0.031770833 0.050925925
2 0.42552084 0.64768517 0.022916667 0.039814815
2 0.41041666 0.65 0.033333335 0.05185185
2 0.3763021 0.65925926 0.052604165 0.05925926
4 0.30859375 0.62083334 0.1015625 0.13611111
2 0.15859374 0.6912037 0.1921875 0.16944444
2 0.063541666 0.68194443 0.125 0.13055556
4 0.13567708 0.6134259 0.1203125 0.17685185
