1 0.022135416 0.65416664 0.031770833 0.06574074
1 0.034375 0.65231484 0.030208332 0.0787037
2 0.21302083 0.65324074 0.16666667 0.08796296
0 0.26041666 0.63611114 0.009375 0.035185184
2 0.42578125 0.64768517 0.086979166 0.06759259
2 0.44713542 0.63148147 0.0203125 0.037037037
2 0.46875 0.6342593 0.029166667 0.018518519
3 0.4640625 0.62685186 0.013541667 0.02962963
2 0.5059896 0.64305556 0.043229166 0.05277778
2 0.5252604 0.63564813 0.022395832 0.043518517
3 0.52734375 0.62453705 0.0265625 0.05277778
2 0.54296875 0.63842595 0.0171875 0.019444445
3 0.65234375 0.625 0.0578125 0.05740741
1 0.58203125 0.6435185 0.008854167 0.031481482
0 0.5734375 0.64305556 0.00625 0.023148147
0 0.7247396 0.6458333 0.008854167 0.037962962
