0 0.9085938 0.6949074 0.016145833 0.0712963
0 0.896875 0.68935186 0.014583333 0.06759259
0 0.8354167 0.6865741 0.015625 0.06944445
0 0.8143229 0.6898148 0.015104166 0.072222225
0 0.7864583 0.69074076 0.014583333 0.06666667
1 0.7320312 0.69861114 0.0390625 0.06388889
1 0.40625 0.6726852 0.032291666 0.05462963
0 0.2 0.65462965 0.010416667 0.053703703
0 0.18880208 0.6537037 0.011979166 0.055555556
0 0.15234375 0.6490741 0.0140625 0.07037037
0 0.0953125 0.650463 0.0125 0.062037036
0 0.075 0.6462963 0.013541667 0.05925926
0 0.022395832 0.6412037 0.011458334 0.060185187
2 0.043489583 0.6458333 0.0859375 0.050925925
1 0.015885416 0.6722222 0.030729167 0.07962963
