3 0.20989583 0.6449074 0.109375 0.16388889
1 0.26380208 0.6805556 0.028645834 0.09259259
2 0.31666666 0.6736111 0.051041666 0.05648148
2 0.340625 0.66712964 0.034375 0.05462963
2 0.39427084 0.6657407 0.026041666 0.035185184
2 0.41223958 0.662963 0.015104166 0.027777778
0 0.47239584 0.6657407 0.009375 0.04074074
4 0.5078125 0.65324074 0.027083334 0.036111113
5 0.5190104 0.66851854 0.011979166 0.031481482
2 0.53125 0.6652778 0.016666668 0.023148147
2 0.5528646 0.66805553 0.030729167 0.036111113
2 0.67604166 0.6805556 0.096875 0.1425926
0 0.6070312 0.6699074 0.009895833 0.041666668
2 0.7377604 0.7125 0.15677084 0.16388889
0 0.0328125 0.68703705 0.028125 0.055555556
