1 0.07057292 0.66157407 0.022395832 0.07685185
2 0.08984375 0.6388889 0.0265625 0.037037037
2 0.15234375 0.6472222 0.030729167 0.02962963
2 0.34947917 0.6722222 0.08541667 0.11111111
2 0.4296875 0.65833336 0.030208332 0.044444446
2 0.4518229 0.6467593 0.0171875 0.025
3 0.47760418 0.6388889 0.014583333 0.033333335
2 0.50651044 0.68425924 0.07447917 0.107407406
2 0.46458334 0.64444447 0.011458334 0.02037037
2 0.5572917 0.662963 0.035416666 0.05925926
2 0.5841146 0.65925926 0.019270834 0.02962963
0 0.6041667 0.65324074 0.0052083335 0.030555556
5 0.6700521 0.6574074 0.0140625 0.042592593
1 0.7007812 0.662963 0.011979166 0.05
1 0.7596354 0.66805553 0.019270834 0.075
1 0.8229167 0.675 0.039583333 0.094444446
1 0.8674479 0.6796296 0.031770833 0.10925926
1 0.9768229 0.68564814 0.034895834 0.09351852
2 0.6226562 0.6467593 0.022395832 0.021296296
