2 0.9575521 0.67685187 0.084895834 0.13703704
2 0.98229164 0.60833335 0.034375 0.053703703
3 0.76979166 0.54444444 0.3875 0.35925925
2 0.20104167 0.712963 0.29791668 0.19074073
3 0.083333336 0.61435187 0.14375 0.18796296
3 0.16302083 0.6111111 0.08020833 0.09259259
2 0.31015626 0.6134259 0.031770833 0.049074072
2 0.21640626 0.600463 0.028645834 0.021296296
2 0.24895833 0.5972222 0.020833334 0.024074074
2 0.2669271 0.5949074 0.011979166 0.017592592
2 0.3234375 0.6009259 0.019791666 0.024074074
2 0.359375 0.599537 0.017708333 0.025
2 0.39244792 0.5939815 0.0203125 0.019444445
2 0.28541666 0.5962963 0.015625 0.02037037
3 0.29010418 0.5824074 0.0125 0.027777778
