1 0.83385414 0.66018516 0.036458332 0.07037037
0 0.86067706 0.6050926 0.0140625 0.026851851
2 0.5757812 0.8074074 0.22864583 0.25185186
2 0.53515625 0.70416665 0.09322917 0.10277778
2 0.11901042 0.6666667 0.047395833 0.027777778
2 0.26848957 0.7050926 0.0609375 0.07685185
2 0.35859376 0.66064817 0.0234375 0.037962962
2 0.40442708 0.6722222 0.034895834 0.048148148
2 0.3752604 0.649537 0.015104166 0.023148147
3 0.34192708 0.62685186 0.021354167 0.046296295
2 0.37083334 0.6365741 0.014583333 0.021296296
2 0.32135418 0.6328704 0.009375 0.010185185
