1 0.7289063 0.68101853 0.016145833 0.05277778
2 0.5364583 0.66157407 0.021875 0.037962962
2 0.54114586 0.6689815 0.027083334 0.037962962
2 0.5268229 0.6611111 0.033854168 0.024074074
2 0.49739584 0.66481483 0.023958333 0.03888889
3 0.471875 0.64537036 0.019791666 0.042592593
4 0.4640625 0.64444447 0.026041666 0.031481482
1 0.46588543 0.6574074 0.0140625 0.027777778
2 0.45989582 0.65833336 0.0375 0.031481482
2 0.41822916 0.6587963 0.027083334 0.039814815
1 0.01640625 0.67453706 0.0328125 0.08611111
