1 0.13958333 0.7097222 0.0375 0.14722222
0 0.16015625 0.6796296 0.011979166 0.05740741
0 0.16796875 0.6791667 0.0078125 0.05462963
0 0.31354168 0.6805556 0.009375 0.055555556
5 0.33489582 0.69166666 0.025 0.062962964
0 0.3502604 0.68935186 0.015104166 0.06759259
2 0.43177083 0.6736111 0.0125 0.026851851
2 0.48932293 0.712963 0.10364583 0.1574074
0 0.6020833 0.67546296 0.0072916667 0.050925925
5 0.5799479 0.67685187 0.024479168 0.062962964
0 0.6546875 0.662963 0.011458334 0.053703703
1 0.7796875 0.7277778 0.065625 0.27592593
