2 0.9109375 0.6449074 0.09375 0.073148146
2 0.84010416 0.6412037 0.075 0.0712963
2 0.7916667 0.6425926 0.067708336 0.07962963
2 0.7447917 0.62916666 0.059375 0.060185187
3 0.79817706 0.5800926 0.18385416 0.12685186
1 0.7924479 0.69953704 0.058854166 0.125
1 0.62369794 0.6310185 0.027604166 0.0787037
0 0.5893229 0.6337963 0.013020833 0.0787037
0 0.5804688 0.6324074 0.015104166 0.08148148
2 0.5565104 0.5712963 0.028645834 0.027777778
1 0.5450521 0.60833335 0.018229166 0.05740741
4 0.46796876 0.6041667 0.111979164 0.21944444
2 0.321875 0.46203703 0.013541667 0.024074074
2 0.35546875 0.63703704 0.06822917 0.085185185
3 0.34114584 0.587963 0.042708334 0.062962964
2 0.31666666 0.59074074 0.025 0.027777778
1 0.296875 0.5888889 0.00625 0.025925925
2 0.26848957 0.59444445 0.034895834 0.042592593
1 0.2328125 0.59444445 0.008333334 0.035185184
3 0.075520836 0.58935183 0.13020833 0.10462963
