1 0.71223956 0.6662037 0.0234375 0.08240741
2 0.6411458 0.6657407 0.11666667 0.18703704
2 0.5026042 0.7324074 0.19166666 0.29074073
3 0.3434896 0.5574074 0.17135416 0.35925925
1 0.24661459 0.64398146 0.011979166 0.049074072
0 0.21223958 0.64074075 0.005729167 0.037037037
0 0.20104167 0.64074075 0.00625 0.037037037
0 0.19583334 0.64305556 0.0052083335 0.032407407
0 0.1765625 0.64768517 0.00625 0.041666668
0 0.13723959 0.64768517 0.008854167 0.05462963
0 0.12604167 0.6458333 0.011458334 0.05462963
1 0.10729167 0.66064817 0.03125 0.062037036
1 0.096354164 0.65 0.014583333 0.06111111
0 0.051041666 0.65555555 0.016666668 0.08148148
