2 0.034895834 0.73333335 0.053125 0.07037037
2 0.08229167 0.7430556 0.072916664 0.08981481
2 0.13463542 0.73055553 0.021354167 0.02962963
2 0.16484375 0.73333335 0.0203125 0.031481482
1 0.38072917 0.76064813 0.058333334 0.13055556
1 0.42578125 0.7787037 0.047395833 0.11296296
1 0.4690104 0.774537 0.0453125 0.11574074
1 0.5268229 0.77685183 0.08385417 0.1388889
1 0.5570313 0.76944447 0.0421875 0.107407406
1 0.58489585 0.7740741 0.0625 0.12777779
1 0.6302083 0.7824074 0.054166667 0.12777779
0 0.6703125 0.7712963 0.016666668 0.096296296
2 0.7856771 0.79583335 0.2296875 0.16574074
2 0.8463542 0.83518517 0.253125 0.32777777
1 0.3205729 0.7583333 0.021354167 0.07777778
