1 0.15416667 0.6328704 0.020833334 0.050925925
1 0.22708334 0.6328704 0.0125 0.041666668
3 0.36927083 0.6097222 0.01875 0.041666668
2 0.34661457 0.61527777 0.021354167 0.015740741
2 0.38567707 0.6125 0.0140625 0.025
2 0.40442708 0.6171296 0.0109375 0.013888889
2 0.42395833 0.6199074 0.015625 0.021296296
2 0.45911458 0.6263889 0.0234375 0.03425926
4 0.46484375 0.6097222 0.0171875 0.030555556
2 0.56822914 0.6388889 0.047916666 0.072222225
0 0.6375 0.62453705 0.0072916667 0.03425926
0 0.61927086 0.6263889 0.008333334 0.032407407
0 0.7705729 0.63055557 0.0078125 0.04074074
0 0.7 0.62916666 0.0072916667 0.037962962
0 0.8098958 0.6828704 0.033333335 0.22685185
0 0.98125 0.650463 0.016666668 0.10462963
0 0.9036458 0.6412037 0.008333334 0.08055556
2 0.44453126 0.61435187 0.011979166 0.019444445
