0 0.8309896 0.6912037 0.0203125 0.10277778
2 0.72578126 0.68101853 0.055729166 0.039814815
2 0.646875 0.6759259 0.05 0.042592593
3 0.5601562 0.66018516 0.0796875 0.07037037
1 0.5486979 0.73055553 0.040104166 0.13148148
0 0.5179688 0.6898148 0.011979166 0.05925926
1 0.32109374 0.68101853 0.018229166 0.062037036
2 0.3140625 0.6666667 0.065625 0.05185185
3 0.14791666 0.5615741 0.15520833 0.3787037
2 0.0609375 0.65694445 0.0125 0.023148147
1 0.046354167 0.65694445 0.033333335 0.06759259
2 0.00859375 0.64398146 0.016145833 0.04537037
