2 0.7729167 0.68333334 0.21354167 0.21666667
2 0.6700521 0.6365741 0.1078125 0.16944444
1 0.5677083 0.63842595 0.03125 0.14907408
2 0.56328124 0.6171296 0.0515625 0.08611111
2 0.5416667 0.6180556 0.036458332 0.06574074
2 0.5286458 0.61944443 0.028125 0.046296295
3 0.5229167 0.6101852 0.03125 0.055555556
2 0.50572914 0.6125 0.021875 0.037962962
2 0.4875 0.6101852 0.013541667 0.02037037
1 0.4856771 0.6050926 0.0078125 0.036111113
2 0.4768229 0.60462964 0.011979166 0.016666668
2 0.4450521 0.60231483 0.008854167 0.012037037
2 0.42760417 0.60462964 0.013541667 0.022222223
2 0.41041666 0.61527777 0.023958333 0.032407407
1 0.36223957 0.6074074 0.0078125 0.042592593
2 0.28619793 0.6490741 0.10989583 0.12592593
0 0.16223958 0.61388886 0.0109375 0.07037037
2 0.3453125 0.6074074 0.019791666 0.025925925
