2 0.033072915 0.64768517 0.06614583 0.039814815
3 0.21145834 0.6236111 0.077083334 0.10092592
3 0.23776041 0.62824076 0.0609375 0.10092592
3 0.29869792 0.6287037 0.044270832 0.07962963
1 0.3044271 0.68935186 0.100520834 0.13796297
2 0.33984375 0.6560185 0.028645834 0.041666668
2 0.49036458 0.724537 0.12447917 0.18240741
2 0.5338542 0.6722222 0.051041666 0.05925926
2 0.55052084 0.66157407 0.026041666 0.039814815
2 0.65546876 0.66064817 0.13802083 0.25092593
3 0.7440104 0.6800926 0.11927083 0.15092592
3 0.9247396 0.6157407 0.1484375 0.48518518
