1 0.8236979 0.79675925 0.036979165 0.13611111
1 0.60286456 0.7615741 0.015104166 0.05462963
2 0.48020834 0.7453704 0.041666668 0.075925924
2 0.4518229 0.7398148 0.022395832 0.035185184
2 0.4283854 0.7337963 0.0078125 0.013888889
2 0.41145834 0.73935187 0.017708333 0.026851851
3 0.40963542 0.71666664 0.0234375 0.05185185
2 0.36432293 0.7282407 0.0234375 0.047222223
2 0.34453124 0.7398148 0.028645834 0.044444446
2 0.31848958 0.7361111 0.049479168 0.08148148
2 0.16640624 0.76805556 0.17447917 0.19166666
