2 0.06979167 0.72268516 0.13958333 0.3824074
3 0.08776042 0.5671296 0.17552084 0.22870371
1 0.19583334 0.6287037 0.009375 0.02962963
2 0.27135417 0.62916666 0.025 0.026851851
2 0.29583332 0.6263889 0.021875 0.032407407
3 0.31432292 0.61203706 0.027604166 0.05
2 0.31666666 0.625 0.042708334 0.042592593
3 0.3502604 0.6064815 0.044270832 0.06666667
4 0.37578124 0.6157407 0.0234375 0.033333335
2 0.4015625 0.6240741 0.009375 0.0129629625
2 0.51875 0.625 0.009375 0.0129629625
2 0.5111979 0.62222224 0.0078125 0.0129629625
2 0.50416666 0.6236111 0.010416667 0.013888889
2 0.49114582 0.6240741 0.011458334 0.016666668
2 0.5757812 0.6310185 0.100520834 0.073148146
2 0.93645835 0.6324074 0.098958336 0.05925926
2 0.9614583 0.63148147 0.077083334 0.06481481
2 0.9765625 0.63935184 0.046875 0.06388889
1 0.99088544 0.69861114 0.018229166 0.15462963
