0 0.095052086 0.75416666 0.008854167 0.049074072
0 0.104427084 0.7560185 0.009895833 0.041666668
0 0.14791666 0.7569444 0.010416667 0.049074072
2 0.2765625 0.7712963 0.06666667 0.07037037
2 0.38229167 0.775463 0.033333335 0.047222223
4 0.4684896 0.66805553 0.1671875 0.3638889
0 0.67890626 0.78981483 0.009895833 0.044444446
0 0.6664063 0.78981483 0.0078125 0.04074074
1 0.70182294 0.7814815 0.015104166 0.05
1 0.7453125 0.77824074 0.023958333 0.06944445
1 0.8851563 0.7648148 0.0421875 0.13518518
1 0.9578125 0.77685183 0.05 0.13333334
0 0.7921875 0.7717593 0.0125 0.073148146
0 0.12604167 0.7550926 0.010416667 0.05462963
