2 0.08515625 0.5546296 0.1703125 0.7648148
2 0.17630209 0.64537036 0.056770835 0.044444446
2 0.26953125 0.6462963 0.0546875 0.05740741
2 0.29192707 0.65555555 0.0609375 0.06666667
2 0.32213542 0.6722222 0.10885417 0.12777779
3 0.4622396 0.5861111 0.23072916 0.49814814
2 0.6010417 0.6550926 0.075 0.05648148
2 0.6567708 0.7013889 0.10520833 0.14351852
2 0.72786456 0.66805553 0.084895834 0.08796296
0 0.74348956 0.6773148 0.0171875 0.11574074
2 0.82604164 0.6958333 0.088541664 0.09907407
2 0.8700521 0.7763889 0.2578125 0.44722223
