2 0.022395832 0.62777776 0.044791665 0.24074075
2 0.22135417 0.67453706 0.12708333 0.13425925
3 0.20130208 0.6111111 0.13489583 0.17592593
2 0.29583332 0.6643519 0.075 0.09351852
2 0.34140626 0.6564815 0.056770835 0.07037037
2 0.36979166 0.65185183 0.041666668 0.05740741
3 0.36145833 0.61064816 0.060416665 0.05462963
2 0.4140625 0.65231484 0.051041666 0.08796296
2 0.4924479 0.6791667 0.14635417 0.2361111
0 0.13203125 0.65787035 0.009895833 0.0787037
5 0.55677086 0.6388889 0.032291666 0.05740741
