1 0.094791666 0.6634259 0.021875 0.060185187
2 0.31328124 0.6537037 0.028645834 0.031481482
2 0.34973958 0.6490741 0.030729167 0.037037037
2 0.3278646 0.6467593 0.022395832 0.03425926
3 0.33958334 0.6324074 0.026041666 0.048148148
3 0.38776043 0.6273148 0.052604165 0.106481485
2 0.43255207 0.6398148 0.015104166 0.027777778
2 0.49661458 0.6949074 0.080729164 0.12314815
3 0.50651044 0.64166665 0.0296875 0.072222225
2 0.5515625 0.66157407 0.022916667 0.047222223
2 0.58515626 0.6796296 0.0609375 0.096296296
3 0.6296875 0.6597222 0.042708334 0.06388889
2 0.8539063 0.7912037 0.29114583 0.33796296
