2 0.14453125 0.67175925 0.17760417 0.15462963
3 0.22395833 0.58935183 0.14583333 0.18796296
2 0.33359376 0.6481481 0.065104164 0.07037037
2 0.3580729 0.63055557 0.0359375 0.05185185
4 0.3875 0.61527777 0.051041666 0.073148146
2 0.41901043 0.63472223 0.0265625 0.039814815
2 0.4388021 0.62916666 0.025520833 0.03425926
2 0.46458334 0.62824076 0.019791666 0.023148147
4 0.43958333 0.61527777 0.03125 0.049074072
2 0.5234375 0.6462963 0.048958335 0.072222225
2 0.62083334 0.6472222 0.0625 0.072222225
3 0.83984375 0.54953706 0.3203125 0.52685183
2 0.47473958 0.62546295 0.0140625 0.023148147
2 0.48151043 0.62453705 0.0140625 0.017592592
2 0.55598956 0.6226852 0.008854167 0.015740741
2 0.45 0.6287037 0.016666668 0.027777778
