4 0.033333335 0.55185187 0.06666667 0.32222223
2 0.21536459 0.6319444 0.075520836 0.0787037
2 0.26276043 0.6203704 0.0390625 0.05185185
2 0.30859375 0.6319444 0.0546875 0.075
2 0.34921876 0.6236111 0.033854168 0.058333334
2 0.3752604 0.6199074 0.027604166 0.039814815
3 0.38541666 0.59444445 0.033333335 0.06851852
2 0.4296875 0.6180556 0.013541667 0.019444445
2 0.40364584 0.6111111 0.011458334 0.024074074
2 0.42447916 0.61064816 0.0125 0.015740741
4 0.43828124 0.60925925 0.0140625 0.02962963
2 0.528125 0.6412037 0.07083333 0.097222224
3 0.5054687 0.58935183 0.0515625 0.11574074
1 0.7013021 0.6550926 0.019270834 0.075
