4 0.5492188 0.74027777 0.10989583 0.18055555
2 0.47161457 0.7587963 0.0171875 0.025
2 0.4421875 0.7587963 0.01875 0.026851851
2 0.40833333 0.75185186 0.015625 0.024074074
3 0.40442708 0.7361111 0.0234375 0.042592593
2 0.38385418 0.75972223 0.026041666 0.043518517
2 0.35625 0.76111114 0.045833334 0.072222225
2 0.325 0.7648148 0.058333334 0.085185185
2 0.275 0.7731481 0.0875 0.1037037
2 0.23098959 0.78425926 0.10572917 0.14629629
4 0.23489584 0.71944445 0.08229167 0.11296296
4 0.11666667 0.5685185 0.22916667 0.8037037
