2 0.26484376 0.6171296 0.08385417 0.047222223
1 0.32239583 0.6226852 0.010416667 0.036111113
1 0.31171876 0.6236111 0.011979166 0.04537037
1 0.33411458 0.6175926 0.013020833 0.046296295
3 0.3736979 0.6074074 0.0453125 0.085185185
2 0.4 0.61851853 0.021875 0.037037037
2 0.4171875 0.6166667 0.017708333 0.027777778
4 0.45911458 0.599537 0.07239583 0.13981481
1 0.52734375 0.6375 0.021354167 0.08055556
1 0.5018229 0.62314814 0.009895833 0.035185184
1 0.5565104 0.6435185 0.030729167 0.08148148
5 0.57942706 0.6537037 0.059895832 0.06111111
