2 0.171875 0.6111111 0.075 0.074074075
2 0.23802084 0.6087963 0.065625 0.05462963
2 0.2643229 0.6097222 0.061979167 0.049074072
2 0.26979166 0.59675926 0.07395833 0.05462963
1 0.39322916 0.66018516 0.017708333 0.06666667
1 0.45833334 0.6157407 0.00625 0.025925925
2 0.5044271 0.65185183 0.0515625 0.1
2 0.54609376 0.6273148 0.024479168 0.036111113
2 0.5677083 0.64074075 0.029166667 0.044444446
2 0.59244794 0.65833336 0.043229166 0.062962964
2 0.6736979 0.7027778 0.10572917 0.1425926
0 0.9661458 0.6935185 0.026041666 0.107407406
0 0.7997396 0.83935183 0.1015625 0.31944445
2 0.8875 0.8662037 0.225 0.26574075
