1 0.5153646 0.73055553 0.100520834 0.4185185
1 0.7760417 0.6564815 0.036458332 0.17777778
3 0.6934896 0.59444445 0.0828125 0.17222223
2 0.6432292 0.6212963 0.042708334 0.07037037
2 0.6302083 0.62222224 0.03125 0.05185185
2 0.6252604 0.6148148 0.0296875 0.05185185
2 0.6088542 0.61203706 0.022916667 0.037037037
2 0.5971354 0.61064816 0.0171875 0.026851851
1 0.5859375 0.6097222 0.008333334 0.041666668
2 0.5601562 0.60462964 0.008854167 0.0129629625
2 0.44453126 0.6166667 0.0296875 0.04074074
1 0.4299479 0.6458333 0.1015625 0.1712963
1 0.39322916 0.6199074 0.014583333 0.05277778
0 0.015885416 0.5675926 0.009895833 0.06481481
