1 0.0171875 0.69953704 0.034375 0.20833333
2 0.039322916 0.6736111 0.07760417 0.08981481
1 0.09817708 0.7046296 0.044270832 0.13148148
1 0.32578126 0.6736111 0.015104166 0.060185187
1 0.35520834 0.67175925 0.009375 0.050925925
2 0.36223957 0.6657407 0.047395833 0.031481482
2 0.4140625 0.6699074 0.039583333 0.060185187
2 0.43307292 0.6652778 0.025520833 0.039814815
3 0.47578126 0.6425926 0.031770833 0.07777778
2 0.5338542 0.67083335 0.08958333 0.10092592
2 0.71796876 0.72037035 0.3578125 0.20925926
0 0.796875 0.63796294 0.022916667 0.07037037
0 0.82447916 0.64537036 0.015625 0.08148148
1 0.8403646 0.662037 0.044270832 0.094444446
2 0.9244792 0.6865741 0.14895834 0.15277778
