2 0.27942708 0.6402778 0.07447917 0.08240741
1 0.43489584 0.62685186 0.00625 0.035185184
1 0.38958332 0.6324074 0.0375 0.094444446
4 0.503125 0.60694444 0.015625 0.03425926
1 0.59375 0.6263889 0.009375 0.043518517
3 0.5549479 0.6064815 0.040104166 0.062962964
2 0.70390624 0.65185183 0.0859375 0.098148145
2 0.67057294 0.6425926 0.0546875 0.07777778
2 0.6484375 0.6375 0.041666668 0.060185187
2 0.63125 0.6300926 0.036458332 0.04537037
2 0.6190104 0.6226852 0.024479168 0.050925925
3 0.61354166 0.59768516 0.032291666 0.0712963
