0 0.04140625 0.57314813 0.0234375 0.098148145
1 0.122395836 0.6171296 0.052083332 0.16944444
1 0.15677084 0.60462964 0.030208332 0.12222222
2 0.165625 0.5787037 0.06666667 0.044444446
0 0.22317709 0.5796296 0.009895833 0.05
1 0.3234375 0.59305555 0.009375 0.04537037
2 0.35052082 0.599537 0.0375 0.047222223
4 0.38020834 0.5800926 0.013541667 0.032407407
2 0.40416667 0.5902778 0.014583333 0.023148147
2 0.39348957 0.5902778 0.013020833 0.019444445
1 0.496875 0.65185183 0.045833334 0.18148148
1 0.48854166 0.6319444 0.048958335 0.15462963
3 0.48333332 0.5842593 0.053125 0.107407406
2 0.82942706 0.7462963 0.34114584 0.32407406
3 0.6773437 0.5615741 0.23072916 0.39722222
0 0.5296875 0.6171296 0.011458334 0.06574074
