2 0.16744791 0.6634259 0.10989583 0.119444445
2 0.21588542 0.6597222 0.0421875 0.06944445
2 0.24505208 0.6550926 0.024479168 0.050925925
2 0.31614584 0.66064817 0.09375 0.075
1 0.3546875 0.6625 0.046875 0.08981481
0 0.4296875 0.65787035 0.013541667 0.05462963
0 0.48151043 0.66018516 0.0140625 0.05185185
2 0.5054687 0.65787035 0.0067708334 0.012037037
0 0.63671875 0.6587963 0.008854167 0.049074072
1 0.6979167 0.66805553 0.035416666 0.060185187
2 0.81119794 0.6527778 0.033854168 0.027777778
5 0.7114583 0.6675926 0.061458334 0.05740741
