2 0.15572916 0.60555553 0.07604167 0.06111111
2 0.17473958 0.6050926 0.0671875 0.05277778
2 0.18359375 0.60231483 0.075520836 0.050925925
2 0.2109375 0.60231483 0.057291668 0.04537037
2 0.24817708 0.6050926 0.059895832 0.039814815
2 0.26354167 0.6009259 0.046875 0.04074074
1 0.32421875 0.6166667 0.011979166 0.037037037
1 0.34947917 0.6175926 0.011458334 0.03888889
2 0.42395833 0.6134259 0.009375 0.017592592
3 0.44869792 0.59074074 0.0390625 0.07962963
2 0.453125 0.6212963 0.035416666 0.053703703
2 0.4765625 0.6171296 0.013541667 0.026851851
0 0.85807294 0.6564815 0.046354167 0.17037037
0 0.8002604 0.6574074 0.0265625 0.16111112
