2 0.9403646 0.7138889 0.116145834 0.098148145
0 0.74348956 0.6787037 0.0234375 0.07037037
1 0.7109375 0.68194443 0.045833334 0.08055556
2 0.6518229 0.64444447 0.0140625 0.02037037
2 0.5799479 0.6638889 0.0421875 0.06111111
2 0.4765625 0.6851852 0.196875 0.13518518
3 0.41979167 0.62453705 0.021875 0.047222223
2 0.38463542 0.65092593 0.031770833 0.044444446
2 0.3596354 0.64444447 0.025520833 0.03888889
0 0.34296876 0.6527778 0.0140625 0.053703703
2 0.33802083 0.650463 0.036458332 0.043518517
0 0.31510416 0.65185183 0.009375 0.053703703
2 0.30052084 0.6398148 0.028125 0.03888889
2 0.24505208 0.65694445 0.13802083 0.08611111
2 0.22109374 0.64768517 0.036979165 0.036111113
1 0.118229166 0.6537037 0.040625 0.06111111
0 0.10572917 0.649537 0.010416667 0.05277778
0 0.069010414 0.6513889 0.011979166 0.05648148
1 0.010416667 0.64768517 0.01875 0.0712963
