1 0.054427084 0.75046295 0.07760417 0.26944444
0 0.041145835 0.64768517 0.011458334 0.062037036
0 0.0953125 0.6736111 0.016666668 0.10462963
0 0.1140625 0.6782407 0.023958333 0.09907407
0 0.31666666 0.6773148 0.013541667 0.058333334
2 0.5059896 0.72268516 0.14010416 0.20648149
2 0.6078125 0.6564815 0.023958333 0.033333335
4 0.6372396 0.62314814 0.022395832 0.04074074
2 0.6557292 0.68194443 0.058333334 0.08796296
2 0.6283854 0.65555555 0.015104166 0.027777778
1 0.590625 0.6365741 0.004166667 0.019444445
0 0.7028646 0.6689815 0.0109375 0.058333334
2 0.6919271 0.650463 0.0203125 0.032407407
0 0.7265625 0.6828704 0.022916667 0.10092592
2 0.73515624 0.6828704 0.0671875 0.08055556
0 0.78255206 0.6782407 0.015104166 0.09537037
0 0.8015625 0.6787037 0.022916667 0.09259259
1 0.81901044 0.66805553 0.011979166 0.049074072
0 0.9450521 0.69166666 0.027604166 0.15185185
0 0.92578125 0.74351853 0.058854166 0.3
2 0.92057294 0.6949074 0.15885417 0.12314815
