2 0.9671875 0.65185183 0.063541666 0.13333334
2 0.9359375 0.65416664 0.128125 0.13425925
2 0.7817708 0.6736111 0.11354167 0.06388889
0 0.8070313 0.66018516 0.013020833 0.05925926
0 0.18489583 0.7097222 0.030208332 0.175
2 0.2921875 0.68101853 0.013541667 0.017592592
2 0.33098957 0.6791667 0.008854167 0.012037037
2 0.35364583 0.67685187 0.011458334 0.016666668
2 0.37682292 0.67685187 0.0171875 0.022222223
2 0.39244792 0.6759259 0.0140625 0.018518519
1 0.39401042 0.67685187 0.0078125 0.031481482
2 0.41119793 0.6782407 0.015104166 0.019444445
2 0.46953124 0.68425924 0.038020834 0.05
2 0.4924479 0.6837963 0.043229166 0.04537037
2 0.53984374 0.6652778 0.044270832 0.039814815
2 0.56640625 0.66851854 0.050520834 0.03888889
2 0.5989583 0.6699074 0.065625 0.037962962
1 0.58463544 0.6949074 0.019270834 0.08240741
