2 0.86848956 0.6324074 0.12447917 0.094444446
2 0.9200521 0.6337963 0.15989584 0.10462963
2 0.8179687 0.61203706 0.0421875 0.031481482
2 0.7515625 0.61064816 0.044791665 0.036111113
2 0.6169271 0.6273148 0.0703125 0.047222223
1 0.5445312 0.6226852 0.009895833 0.041666668
2 0.46536458 0.6625 0.1046875 0.15462963
2 0.41901043 0.6226852 0.008854167 0.017592592
2 0.41041666 0.6240741 0.009375 0.018518519
2 0.40130207 0.625 0.011979166 0.025925925
2 0.39375 0.62824076 0.013541667 0.026851851
2 0.36484376 0.62777776 0.059895832 0.11666667
2 0.32317707 0.6425926 0.0921875 0.13148148
2 0.2171875 0.6398148 0.18333334 0.27592593
2 0.1109375 0.6449074 0.08958333 0.08055556
2 0.0671875 0.7060185 0.134375 0.35462964
