1 0.15182291 0.6638889 0.027604166 0.087037034
2 0.43463543 0.6537037 0.0453125 0.06666667
2 0.4606771 0.6449074 0.0171875 0.028703704
2 0.48151043 0.64398146 0.0140625 0.021296296
2 0.52265626 0.65231484 0.031770833 0.047222223
2 0.5609375 0.64768517 0.020833334 0.03425926
2 0.59010416 0.65185183 0.040625 0.06666667
1 0.84166664 0.66805553 0.036458332 0.125
0 0.8197917 0.6643519 0.01875 0.106481485
0 0.98046875 0.6643519 0.015104166 0.10277778
0 0.9513021 0.66157407 0.015104166 0.0787037
2 0.97578126 0.6638889 0.0484375 0.06666667
2 0.9434896 0.6537037 0.0671875 0.075925924
2 0.8953125 0.65555555 0.058333334 0.06481481
2 0.8677083 0.6574074 0.055208333 0.05
