2 0.809375 0.6425926 0.10625 0.05925926
0 0.7296875 0.6861111 0.047916666 0.18148148
0 0.6174479 0.6481481 0.013020833 0.06111111
0 0.6041667 0.650463 0.010416667 0.05462963
1 0.5833333 0.6490741 0.0125 0.05740741
4 0.46692708 0.62777776 0.016145833 0.035185184
2 0.3919271 0.65324074 0.025520833 0.036111113
1 0.40989584 0.64305556 0.00625 0.036111113
1 0.30286458 0.6560185 0.009895833 0.04537037
1 0.23177083 0.6574074 0.028125 0.05185185
0 0.21536459 0.65185183 0.008854167 0.05
0 0.19609375 0.65324074 0.009895833 0.049074072
2 0.060677085 0.6787037 0.09427083 0.1037037
