2 0.052864585 0.74583334 0.102604166 0.22870371
0 0.087239586 0.67083335 0.018229166 0.08981481
2 0.25989583 0.68101853 0.078125 0.11018518
3 0.3046875 0.6537037 0.06666667 0.12777779
2 0.34557292 0.67546296 0.034895834 0.062037036
2 0.36145833 0.67685187 0.027083334 0.05
2 0.37395832 0.67314816 0.021875 0.042592593
1 0.3903646 0.68333334 0.011979166 0.05185185
2 0.40364584 0.6652778 0.019791666 0.032407407
2 0.46171874 0.6703704 0.0203125 0.02962963
2 0.60286456 0.76944447 0.25364584 0.31111112
0 0.21770833 0.6722222 0.013541667 0.062962964
