2 0.033854168 0.6550926 0.067708336 0.33796296
2 0.09296875 0.7111111 0.122395836 0.18148148
3 0.159375 0.67546296 0.11145833 0.16388889
2 0.22526042 0.6935185 0.0578125 0.08148148
2 0.24166666 0.6796296 0.048958335 0.08888889
3 0.27838543 0.65787035 0.0453125 0.10277778
3 0.31848958 0.662963 0.025520833 0.05740741
0 0.32890624 0.68703705 0.0109375 0.044444446
1 0.34192708 0.6787037 0.009895833 0.04074074
2 0.39322916 0.6800926 0.019791666 0.028703704
2 0.37708333 0.67175925 0.009375 0.015740741
2 0.3528646 0.67453706 0.009895833 0.015740741
2 0.65625 0.67777777 0.09791667 0.062962964
