4 0.08203125 0.5796296 0.16197917 0.8333333
1 0.29791668 0.6851852 0.017708333 0.05
2 0.353125 0.6657407 0.014583333 0.018518519
2 0.36354166 0.66851854 0.015625 0.02037037
2 0.3830729 0.6657407 0.025520833 0.016666668
2 0.41822916 0.66851854 0.015625 0.02037037
2 0.4361979 0.66851854 0.0203125 0.024074074
2 0.49401042 0.6805556 0.041145835 0.083333336
2 0.521875 0.67685187 0.023958333 0.04074074
2 0.53776044 0.6773148 0.0390625 0.05277778
0 0.65625 0.68333334 0.010416667 0.062962964
0 0.6658854 0.6875 0.0109375 0.05462963
2 0.70625 0.68935186 0.063541666 0.050925925
2 0.7515625 0.68703705 0.078125 0.06111111
2 0.9033854 0.7462963 0.19322917 0.22222222
0 0.5776042 0.6796296 0.0072916667 0.02962963
