2 0.2828125 0.64537036 0.054166667 0.06666667
2 0.2580729 0.64166665 0.043229166 0.053703703
2 0.36979166 0.6782407 0.13854167 0.24351852
2 0.4388021 0.65462965 0.0390625 0.06481481
2 0.4908854 0.65185183 0.0265625 0.042592593
3 0.4997396 0.62916666 0.024479168 0.041666668
2 0.52734375 0.6657407 0.058854166 0.087037034
1 0.640625 0.6666667 0.017708333 0.05185185
0 0.6643229 0.66157407 0.0109375 0.058333334
0 0.8052083 0.6837963 0.026041666 0.12314815
0 0.8434896 0.6800926 0.027604166 0.11574074
1 0.82942706 0.7106481 0.080729164 0.13055556
1 0.9575521 0.72314817 0.06614583 0.15185185
