2 0.11796875 0.64398146 0.0234375 0.023148147
2 0.18046875 0.63842595 0.071354166 0.050925925
2 0.16666667 0.65185183 0.06458333 0.037037037
2 0.14010416 0.6388889 0.019791666 0.02962963
0 0.26875 0.6564815 0.008333334 0.03888889
2 0.39140624 0.6634259 0.0390625 0.047222223
2 0.45130208 0.65694445 0.015104166 0.019444445
3 0.45572916 0.6490741 0.015625 0.035185184
2 0.48697916 0.6699074 0.041666668 0.06759259
2 0.5023438 0.6652778 0.0234375 0.049074072
2 0.5346354 0.6643519 0.021354167 0.03425926
2 0.5804688 0.68796295 0.06302083 0.09259259
0 0.6148437 0.6722222 0.009895833 0.03888889
1 0.7546875 0.7046296 0.023958333 0.08148148
0 0.853125 0.66712964 0.010416667 0.04537037
0 0.8776042 0.66944444 0.0125 0.042592593
0 0.240625 0.65555555 0.008333334 0.035185184
