2 0.21588542 0.71435183 0.21302083 0.24537037
1 0.071354166 0.6800926 0.034375 0.09351852
2 0.37083334 0.7060185 0.06979167 0.08425926
4 0.425 0.6736111 0.05625 0.10277778
2 0.31640625 0.70046294 0.036979165 0.060185187
2 0.4622396 0.6935185 0.021354167 0.037037037
2 0.54036456 0.70092595 0.027604166 0.053703703
2 0.5963542 0.71018517 0.042708334 0.05740741
2 0.728125 0.74027777 0.17083333 0.20648149
0 0.85625 0.7328704 0.015625 0.08425926
5 0.9398438 0.7398148 0.065104164 0.12037037
2 0.4841146 0.6967593 0.0171875 0.028703704
2 0.5252604 0.6990741 0.015104166 0.02962963
