2 0.09296875 0.70555556 0.18489583 0.43333334
2 0.18411459 0.6388889 0.100520834 0.11851852
2 0.37135416 0.63842595 0.055208333 0.0712963
2 0.39765626 0.62777776 0.034895834 0.055555556
2 0.4265625 0.62453705 0.025 0.032407407
2 0.44036457 0.6240741 0.0171875 0.025925925
2 0.45052084 0.62083334 0.009375 0.013888889
2 0.47578126 0.63148147 0.0328125 0.037037037
4 0.47447917 0.61851853 0.019791666 0.05
2 0.4986979 0.64166665 0.044270832 0.06481481
1 0.53984374 0.63611114 0.011979166 0.04074074
1 0.5317708 0.63472223 0.008333334 0.03425926
1 0.61328125 0.6652778 0.030729167 0.125
2 0.94375 0.6527778 0.1125 0.19629629
2 0.8924479 0.6537037 0.1765625 0.12777779
2 0.8177083 0.65694445 0.14375 0.08796296
2 0.7640625 0.65555555 0.114583336 0.08148148
2 0.7369792 0.6412037 0.09375 0.0787037
2 0.6848958 0.6324074 0.08125 0.072222225
