1 0.075 0.65324074 0.032291666 0.08611111
0 0.027083334 0.65555555 0.013541667 0.06111111
0 0.014583333 0.65231484 0.014583333 0.06759259
1 0.096354164 0.6550926 0.030208332 0.058333334
0 0.18958333 0.65185183 0.011458334 0.05925926
2 0.26354167 0.66805553 0.096875 0.11018518
2 0.29791668 0.650463 0.044791665 0.060185187
2 0.4065104 0.64444447 0.0234375 0.035185184
2 0.4296875 0.6449074 0.022916667 0.03425926
2 0.48515624 0.6421296 0.102604166 0.21574074
2 0.5424479 0.66157407 0.055729166 0.11203704
2 0.6010417 0.6699074 0.065625 0.08055556
2 0.64375 0.66064817 0.06979167 0.07685185
1 0.71015626 0.6722222 0.016145833 0.06111111
2 0.8888021 0.7699074 0.22135417 0.45833334
