1 0.9408854 0.74953705 0.031770833 0.11388889
2 0.9690104 0.7314815 0.059895832 0.05740741
3 0.96744794 0.69953704 0.06302083 0.09907407
1 0.81640625 0.7407407 0.028645834 0.04074074
1 0.6643229 0.7384259 0.030729167 0.041666668
1 0.64427084 0.73888886 0.029166667 0.04074074
1 0.5393229 0.73796296 0.015104166 0.03888889
2 0.48359376 0.7328704 0.052604165 0.073148146
2 0.44244793 0.71712965 0.033854168 0.06759259
2 0.39322916 0.7277778 0.065625 0.053703703
3 0.38125 0.712037 0.0625 0.07037037
3 0.16458334 0.6481481 0.32916668 0.6351852
