0 0.85052085 0.6875 0.0125 0.06759259
0 0.8265625 0.68796295 0.014583333 0.07037037
0 0.7986979 0.6921296 0.013020833 0.06388889
0 0.49583334 0.67083335 0.0072916667 0.047222223
1 0.46666667 0.6796296 0.032291666 0.053703703
1 0.26354167 0.66805553 0.072916664 0.11388889
0 0.19036458 0.6564815 0.009895833 0.05
0 0.12838541 0.6472222 0.016145833 0.06851852
0 0.11796875 0.6458333 0.0109375 0.06574074
1 0.079166666 0.6574074 0.039583333 0.05925926
0 0.0234375 0.64537036 0.016666668 0.06666667
2 0.042708334 0.6458333 0.08541667 0.050925925
