2 0.034895834 0.6796296 0.06979167 0.06481481
2 0.32708332 0.68472224 0.0375 0.05462963
2 0.38958332 0.6865741 0.019791666 0.026851851
3 0.42395833 0.66851854 0.033333335 0.062962964
4 0.44947916 0.6736111 0.019791666 0.030555556
2 0.46875 0.6828704 0.014583333 0.028703704
2 0.48020834 0.6912037 0.025 0.041666668
2 0.5002604 0.6805556 0.011979166 0.025925925
1 0.56328124 0.70416665 0.016145833 0.05462963
1 0.5856771 0.70324075 0.028645834 0.049074072
1 0.6567708 0.71481484 0.020833334 0.07037037
2 0.9533854 0.71435183 0.091145836 0.06388889
