2 0.48723957 0.6787037 0.0421875 0.062962964
2 0.42760417 0.6689815 0.041666668 0.028703704
1 0.4299479 0.6689815 0.011979166 0.043518517
2 0.4059896 0.67314816 0.028645834 0.037037037
2 0.3736979 0.6759259 0.0390625 0.048148148
2 0.340625 0.6666667 0.042708334 0.042592593
2 0.315625 0.662963 0.041666668 0.035185184
2 0.2815104 0.66481483 0.07864583 0.046296295
2 0.25494793 0.6662037 0.06822917 0.05277778
2 0.22265625 0.66944444 0.06614583 0.05185185
2 0.19661458 0.67083335 0.049479168 0.05462963
2 0.14453125 0.67638886 0.059895832 0.06759259
2 0.06614583 0.67083335 0.121875 0.08981481
