3 0.8932292 0.6203704 0.21041666 0.20555556
2 0.5052083 0.6574074 0.009375 0.016666668
2 0.48932293 0.65694445 0.0078125 0.013888889
2 0.45677084 0.6587963 0.013541667 0.021296296
2 0.43671876 0.66064817 0.025520833 0.03425926
2 0.3859375 0.66018516 0.021875 0.027777778
2 0.36536458 0.6564815 0.0234375 0.037037037
2 0.33515626 0.66018516 0.021354167 0.02962963
2 0.31953126 0.66157407 0.030729167 0.03425926
1 0.19765624 0.6662037 0.09427083 0.13055556
1 0.14453125 0.65231484 0.018229166 0.047222223
