0 0.9927083 0.61944443 0.0125 0.075925924
4 0.7523438 0.57916665 0.20572917 0.14351852
2 0.409375 0.8671296 0.30208334 0.26574075
2 0.026302082 0.6597222 0.052604165 0.05277778
2 0.036979165 0.6837963 0.07395833 0.06759259
2 0.10104167 0.6662037 0.09583333 0.05462963
2 0.1703125 0.6412037 0.021875 0.037962962
2 0.24557291 0.6388889 0.0203125 0.031481482
2 0.06692708 0.88564813 0.13385417 0.22870371
2 0.33177084 0.6226852 0.016666668 0.021296296
2 0.3440104 0.6259259 0.019270834 0.025925925
2 0.38541666 0.63472223 0.06979167 0.062037036
2 0.47473958 0.6259259 0.15052083 0.10925926
2 0.375 0.6342593 0.059375 0.05
2 0.56614584 0.6180556 0.047916666 0.036111113
2 0.3140625 0.6203704 0.013541667 0.02037037
