4 0.24088542 0.47175926 0.1265625 0.058333334
2 0.58020836 0.42916667 0.119791664 0.08055556
2 0.94739586 0.41666666 0.10104167 0.07037037
2 0.96510416 0.65925926 0.06979167 0.08148148
1 0.8028646 0.65185183 0.0234375 0.072222225
2 0.73020834 0.6310185 0.0375 0.030555556
2 0.565625 0.66064817 0.14375 0.08240741
2 0.7125 0.6324074 0.030208332 0.025925925
2 0.5130208 0.62083334 0.030208332 0.023148147
2 0.4768229 0.62685186 0.009895833 0.0129629625
2 0.3921875 0.6337963 0.016666668 0.021296296
2 0.40208334 0.63148147 0.0125 0.022222223
2 0.421875 0.6310185 0.016666668 0.023148147
3 0.18203124 0.61157405 0.0828125 0.09351852
