2 0.11796875 0.6861111 0.2359375 0.22407408
3 0.5044271 0.61435187 0.0046875 0.013888889
3 0.46484375 0.60833335 0.0328125 0.07037037
4 0.43932292 0.60833335 0.043229166 0.09074074
2 0.4059896 0.6287037 0.021354167 0.037037037
2 0.39557293 0.6319444 0.0234375 0.037962962
3 0.4143229 0.6097222 0.021354167 0.05462963
2 0.32890624 0.63472223 0.13072917 0.0712963
3 0.5338542 0.62222224 0.016666668 0.035185184
2 0.9575521 0.6398148 0.084895834 0.083333336
1 0.2765625 0.6342593 0.033333335 0.055555556
