2 0.90260416 0.78194445 0.19479166 0.43611112
1 0.8299479 0.67083335 0.015104166 0.06759259
1 0.8119792 0.65 0.013541667 0.05185185
1 0.8023437 0.6666667 0.021354167 0.07037037
0 0.7872396 0.64768517 0.015104166 0.05462963
0 0.7572917 0.65324074 0.008333334 0.04537037
1 0.740625 0.68472224 0.05 0.13611111
1 0.7234375 0.64398146 0.008333334 0.037962962
1 0.709375 0.6467593 0.010416667 0.041666668
2 0.6606771 0.650463 0.06302083 0.09166667
2 0.6265625 0.6574074 0.09166667 0.17037037
2 0.5601562 0.6458333 0.024479168 0.037962962
2 0.48333332 0.6805556 0.09166667 0.14074074
2 0.42890626 0.63703704 0.0234375 0.035185184
2 0.39479166 0.6365741 0.035416666 0.05648148
2 0.259375 0.65833336 0.21145834 0.30555555
2 0.096875 0.774537 0.19375 0.45092592
2 0.06328125 0.62916666 0.1265625 0.18240741
