2 0.095052086 0.81435186 0.19010417 0.3675926
0 0.051302083 0.6199074 0.0078125 0.039814815
0 0.100520834 0.62685186 0.0072916667 0.03888889
1 0.12109375 0.63472223 0.0109375 0.036111113
2 0.16536458 0.6791667 0.102604166 0.106481485
3 0.2421875 0.61527777 0.096875 0.16203703
3 0.184375 0.6236111 0.077083334 0.17685185
2 0.2893229 0.6458333 0.043229166 0.058333334
2 0.3059896 0.6212963 0.0234375 0.02962963
2 0.33203125 0.6236111 0.024479168 0.032407407
2 0.33203125 0.675 0.07239583 0.1037037
3 0.45416668 0.5601852 0.22083333 0.5240741
1 0.57890624 0.61527777 0.0078125 0.028703704
1 0.5630208 0.6148148 0.010416667 0.035185184
3 0.6742188 0.6050926 0.059895832 0.043518517
2 0.7940104 0.60925925 0.0546875 0.031481482
2 0.6799479 0.60694444 0.0421875 0.036111113
