1 0.73307294 0.8194444 0.12864584 0.29444444
3 0.93541664 0.725 0.09375 0.107407406
2 0.8986979 0.7430556 0.053645834 0.0712963
1 0.7895833 0.7972222 0.063541666 0.18703704
2 0.728125 0.76203704 0.096875 0.06851852
2 0.4065104 0.72731483 0.0171875 0.015740741
2 0.39322916 0.72407407 0.008333334 0.014814815
3 0.37786457 0.7106481 0.024479168 0.060185187
2 0.3625 0.71944445 0.009375 0.022222223
2 0.35416666 0.7263889 0.009375 0.013888889
3 0.28697917 0.7027778 0.05 0.085185185
3 0.2578125 0.7023148 0.059375 0.097222224
2 0.20651041 0.7287037 0.038020834 0.044444446
1 0.091145836 0.7282407 0.058333334 0.09351852
