1 0.9734375 0.6782407 0.052083332 0.175
2 0.828125 0.6912037 0.22395833 0.22870371
4 0.65520835 0.5532407 0.171875 0.31944445
3 0.5591146 0.6097222 0.050520834 0.11388889
2 0.48958334 0.6898148 0.15833333 0.22777778
2 0.49817708 0.60925925 0.07760417 0.13148148
0 0.104166664 0.6402778 0.016666668 0.08240741
3 0.07473958 0.6365741 0.052604165 0.043518517
2 0.17838542 0.6300926 0.022395832 0.03425926
2 0.20807292 0.6319444 0.044270832 0.037962962
3 0.24817708 0.6180556 0.0390625 0.041666668
3 0.27734375 0.6166667 0.034895834 0.027777778
