2 0.16927083 0.6722222 0.14895834 0.1574074
4 0.15572916 0.6319444 0.19375 0.19722222
4 0.37994793 0.6319444 0.0390625 0.058333334
2 0.46041667 0.65185183 0.03125 0.04074074
2 0.5231771 0.6388889 0.07239583 0.14629629
4 0.6507813 0.6240741 0.12447917 0.17222223
2 0.72526044 0.7 0.1484375 0.16111112
1 0.86302084 0.6722222 0.03125 0.1037037
1 0.82890624 0.6736111 0.0234375 0.07685185
1 0.9846354 0.6925926 0.030729167 0.107407406
2 0.34296876 0.650463 0.034895834 0.041666668
2 0.4171875 0.6412037 0.017708333 0.037962962
