3 0.05 0.6125 0.1 0.125
2 0.32708332 0.6226852 0.014583333 0.017592592
1 0.9166667 0.71805555 0.08958333 0.2361111
2 0.4856771 0.6259259 0.0078125 0.009259259
2 0.4674479 0.6296296 0.018229166 0.031481482
2 0.4533854 0.62546295 0.0078125 0.013888889
2 0.44609374 0.62777776 0.011979166 0.016666668
2 0.43463543 0.6300926 0.018229166 0.026851851
2 0.4231771 0.6263889 0.011979166 0.021296296
3 0.42265624 0.6171296 0.018229166 0.026851851
2 0.41223958 0.62546295 0.0078125 0.015740741
3 0.4049479 0.6171296 0.016145833 0.039814815
3 0.3981771 0.61527777 0.0203125 0.043518517
3 0.39270833 0.6166667 0.020833334 0.04074074
2 0.3919271 0.62777776 0.0140625 0.022222223
2 0.38098958 0.6180556 0.021354167 0.043518517
2 0.37682292 0.6296296 0.016145833 0.025925925
2 0.36822918 0.6300926 0.016666668 0.026851851
2 0.35859376 0.62777776 0.0234375 0.037037037
