0 0.99088544 0.6097222 0.015104166 0.08611111
0 0.9583333 0.60231483 0.0125 0.0787037
0 0.93541664 0.6041667 0.014583333 0.0787037
1 0.82682294 0.64768517 0.044270832 0.1287037
4 0.79296875 0.6449074 0.033854168 0.09907407
4 0.6296875 0.53981483 0.20208333 0.37777779
3 0.096614584 0.33888888 0.061979167 0.56296295
2 0.24635416 0.61851853 0.051041666 0.053703703
2 0.31640625 0.6203704 0.061979167 0.072222225
2 0.515625 0.61435187 0.028125 0.041666668
2 0.42369792 0.6101852 0.011979166 0.016666668
2 0.43671876 0.61064816 0.0140625 0.021296296
2 0.45208332 0.60833335 0.010416667 0.0129629625
