1 0.28125 0.7087963 0.14791666 0.26018518
1 0.065625 0.6365741 0.11354167 0.22314815
2 0.028125 0.62083334 0.055208333 0.18425927
2 0.10598958 0.61064816 0.1859375 0.18981482
2 0.24192709 0.63611114 0.1921875 0.1388889
2 0.34791666 0.62083334 0.18333334 0.16018519
2 0.44010416 0.6449074 0.14270833 0.10277778
0 0.41041666 0.6101852 0.017708333 0.09074074
2 0.54036456 0.6375 0.14947917 0.117592596
0 0.6153646 0.65462965 0.024479168 0.12037037
2 0.60234374 0.6481481 0.1171875 0.085185185
2 0.65052086 0.6481481 0.108333334 0.07962963
1 0.7424479 0.6564815 0.0359375 0.1
2 0.71666664 0.65231484 0.075 0.075
2 0.73567706 0.650463 0.0765625 0.06944445
2 0.8541667 0.65324074 0.059375 0.05648148
2 0.9114583 0.6490741 0.063541666 0.044444446
0 0.9263021 0.6481481 0.011979166 0.055555556
2 0.9408854 0.6458333 0.058854166 0.047222223
2 0.9638021 0.64768517 0.0390625 0.039814815
3 0.9877604 0.63796294 0.024479168 0.044444446
2 0.9903646 0.6490741 0.018229166 0.031481482
