1 0.008854167 0.7337963 0.017708333 0.075
2 0.13515624 0.75972223 0.11927083 0.12685186
2 0.24765626 0.7189815 0.053645834 0.06388889
2 0.3203125 0.7509259 0.07395833 0.09074074
2 0.39166668 0.7300926 0.033333335 0.037962962
2 0.41119793 0.725 0.0234375 0.031481482
2 0.45416668 0.7476852 0.055208333 0.07685185
2 0.48125 0.72731483 0.023958333 0.025
2 0.55885416 0.73796296 0.028125 0.05740741
2 0.584375 0.7453704 0.052083332 0.06111111
2 0.6070312 0.73194444 0.024479168 0.04537037
2 0.6190104 0.7268519 0.0390625 0.031481482
2 0.67317706 0.72314817 0.0453125 0.025925925
1 0.66614586 0.73935187 0.016666668 0.05277778
1 0.684375 0.73796296 0.014583333 0.046296295
1 0.6997396 0.73888886 0.0109375 0.05
2 0.73333335 0.7212963 0.03125 0.025925925
1 0.83020836 0.7509259 0.028125 0.087037034
2 0.5484375 0.7282407 0.028125 0.026851851
3 0.8335937 0.72314817 0.0640625 0.046296295
