2 0.16796875 0.6564815 0.065104164 0.05925926
2 0.21666667 0.64444447 0.044791665 0.06111111
2 0.23984376 0.6472222 0.0640625 0.07037037
2 0.278125 0.6333333 0.045833334 0.075925924
3 0.253125 0.6259259 0.057291668 0.087037034
2 0.30859375 0.65416664 0.0609375 0.08981481
2 0.36197916 0.6449074 0.030208332 0.037962962
0 0.41197917 0.64398146 0.011458334 0.073148146
0 0.4216146 0.6634259 0.015104166 0.08796296
3 0.44348958 0.6319444 0.0203125 0.043518517
2 0.4846354 0.64537036 0.0140625 0.027777778
2 0.53697914 0.69814813 0.09166667 0.13518518
3 0.51979166 0.62685186 0.03125 0.07777778
2 0.63125 0.6875 0.077083334 0.108333334
2 0.86510414 0.79907405 0.26875 0.40185186
