0 0.71510416 0.6111111 0.011458334 0.046296295
0 0.6971354 0.61388886 0.009895833 0.042592593
2 0.6515625 0.62453705 0.06666667 0.058333334
1 0.5914062 0.6712963 0.0359375 0.17962962
0 0.57447916 0.63796294 0.020833334 0.11851852
2 0.5643229 0.62685186 0.034895834 0.033333335
0 0.5424479 0.6398148 0.0140625 0.075925924
0 0.5257813 0.6199074 0.0078125 0.03425926
2 0.528125 0.6199074 0.035416666 0.03425926
0 0.1328125 0.66064817 0.048958335 0.19351852
1 0.065104164 0.62777776 0.071875 0.14444445
2 0.022135416 0.59444445 0.043229166 0.072222225
2 0.059114583 0.5949074 0.086979166 0.073148146
2 0.09609375 0.58935183 0.0703125 0.0712963
2 0.16692708 0.63564813 0.15572916 0.16944444
1 0.27135417 0.61944443 0.014583333 0.05740741
0 0.2625 0.6157407 0.009375 0.046296295
2 0.29583332 0.6125 0.026041666 0.025
1 0.31848958 0.62175924 0.015104166 0.05462963
1 0.34583333 0.6240741 0.011458334 0.05185185
1 0.33776042 0.6199074 0.009895833 0.03425926
2 0.3765625 0.6226852 0.020833334 0.028703704
2 0.3908854 0.61435187 0.0171875 0.028703704
2 0.4125 0.62916666 0.035416666 0.058333334
2 0.4328125 0.625 0.013541667 0.02037037
1 0.4388021 0.6259259 0.0078125 0.031481482
