2 0.18463542 0.62083334 0.056770835 0.039814815
2 0.2046875 0.61851853 0.061458334 0.03888889
2 0.23385416 0.6203704 0.05 0.035185184
2 0.30364582 0.62546295 0.053125 0.062037036
2 0.33020833 0.6203704 0.039583333 0.055555556
2 0.36875 0.61944443 0.051041666 0.06851852
2 0.4143229 0.60833335 0.009895833 0.018518519
3 0.4388021 0.6 0.034895834 0.08148148
2 0.48776042 0.6078704 0.009895833 0.017592592
4 0.4778646 0.60555553 0.009895833 0.024074074
2 0.6778646 0.6226852 0.065104164 0.04537037
0 0.83958334 0.61296296 0.009375 0.046296295
