1 0.016666668 0.7486111 0.033333335 0.14537036
0 0.038802084 0.71805555 0.015104166 0.07685185
0 0.054166667 0.71805555 0.020833334 0.06759259
0 0.075260416 0.72268516 0.016145833 0.06388889
2 0.26484376 0.73425925 0.1015625 0.13333334
3 0.4065104 0.6388889 0.20885417 0.5240741
2 0.5364583 0.7259259 0.09791667 0.07777778
1 0.6380208 0.73703706 0.033333335 0.14814815
0 0.62708336 0.7125 0.016666668 0.08240741
1 0.6617187 0.7291667 0.025520833 0.11388889
2 0.95442706 0.7092593 0.091145836 0.098148145
2 0.94947916 0.70694447 0.098958336 0.09166667
2 0.9036458 0.4425926 0.057291668 0.094444446
