2 0.061197918 0.6921296 0.122395836 0.30462962
2 0.31640625 0.6337963 0.0734375 0.08981481
1 0.41197917 0.62222224 0.00625 0.022222223
1 0.403125 0.62222224 0.0072916667 0.024074074
1 0.39557293 0.62175924 0.0078125 0.028703704
2 0.44375 0.6296296 0.029166667 0.037037037
4 0.45390624 0.6134259 0.0234375 0.047222223
2 0.49661458 0.6398148 0.0453125 0.06481481
1 0.52760416 0.6398148 0.0125 0.05
0 0.59791666 0.6527778 0.0125 0.037037037
1 0.6919271 0.68703705 0.044270832 0.17407407
2 0.6765625 0.64166665 0.10208333 0.06111111
2 0.7484375 0.6490741 0.108333334 0.075925924
2 0.8130208 0.65925926 0.175 0.10185185
2 0.9458333 0.66018516 0.10625 0.18333334
2 0.98046875 0.6574074 0.0390625 0.2037037
