2 0.063802086 0.6412037 0.038020834 0.025
2 0.12083333 0.63703704 0.034375 0.027777778
2 0.15 0.63796294 0.030208332 0.022222223
2 0.26041666 0.63148147 0.042708334 0.027777778
2 0.31536457 0.6287037 0.031770833 0.024074074
2 0.35651043 0.81527776 0.2421875 0.3212963
2 0.41875 0.64398146 0.033333335 0.047222223
2 0.4778646 0.64074075 0.0328125 0.05
2 0.5546875 0.6388889 0.041666668 0.07037037
2 0.52916664 0.6328704 0.030208332 0.041666668
2 0.5190104 0.62916666 0.028645834 0.037962962
4 0.515625 0.6148148 0.078125 0.062962964
4 0.60520834 0.6050926 0.045833334 0.041666668
2 0.22265625 0.6412037 0.0265625 0.023148147
2 0.4296875 0.6402778 0.026041666 0.037962962
