0 0.115885414 0.64074075 0.016145833 0.085185185
0 0.23333333 0.63935184 0.009375 0.05277778
0 0.25208333 0.6388889 0.011458334 0.048148148
0 0.30546874 0.64166665 0.013020833 0.053703703
0 0.33854166 0.6310185 0.00625 0.03425926
0 0.33151042 0.6310185 0.005729167 0.03425926
2 0.36432293 0.64166665 0.0390625 0.05
2 0.47760418 0.6263889 0.011458334 0.021296296
1 0.5346354 0.6388889 0.0109375 0.05185185
1 0.575 0.6425926 0.015625 0.06851852
0 0.6375 0.6319444 0.0072916667 0.047222223
0 0.6216146 0.6287037 0.008854167 0.05185185
0 0.6820313 0.6300926 0.011979166 0.0712963
1 0.40885416 0.62777776 0.004166667 0.022222223
1 0.42083332 0.62546295 0.004166667 0.019444445
1 0.40416667 0.62824076 0.004166667 0.023148147
