1 0.3203125 0.6726852 0.0072916667 0.026851851
1 0.3684896 0.6703704 0.0078125 0.024074074
1 0.33385417 0.66944444 0.0072916667 0.024074074
2 0.3502604 0.6726852 0.034895834 0.047222223
3 0.3953125 0.65 0.033333335 0.062962964
2 0.4065104 0.6722222 0.0234375 0.02962963
2 0.42447916 0.6657407 0.016666668 0.027777778
2 0.43854168 0.67407405 0.034375 0.046296295
2 0.45104167 0.6689815 0.022916667 0.037962962
2 0.459375 0.6666667 0.019791666 0.035185184
2 0.48098958 0.6587963 0.0078125 0.013888889
2 0.50208336 0.67083335 0.015625 0.028703704
2 0.49322918 0.6736111 0.028125 0.041666668
