2 0.8533854 0.8046296 0.29322916 0.39074075
1 0.77135414 0.68101853 0.028125 0.075
0 0.75078124 0.6791667 0.0078125 0.04537037
2 0.6778646 0.71018517 0.14427084 0.19074073
2 0.5955729 0.6912037 0.0640625 0.09166667
2 0.47317708 0.7893519 0.26197916 0.3675926
2 0.3361979 0.68425924 0.10364583 0.11666667
4 0.38072917 0.64305556 0.038541667 0.062037036
4 0.35442707 0.650463 0.0453125 0.09537037
2 0.29192707 0.6634259 0.043229166 0.043518517
0 0.26744792 0.64537036 0.0067708334 0.033333335
1 0.24817708 0.65324074 0.013020833 0.037962962
1 0.23567708 0.6550926 0.016145833 0.039814815
1 0.19609375 0.65833336 0.024479168 0.044444446
2 0.13411458 0.6625 0.0765625 0.043518517
0 0.090625 0.66064817 0.010416667 0.041666668
