2 0.45546874 0.6722222 0.0390625 0.055555556
2 0.43645832 0.6666667 0.040625 0.035185184
0 0.36979166 0.66712964 0.011458334 0.049074072
2 0.346875 0.67453706 0.040625 0.047222223
2 0.31614584 0.6643519 0.0375 0.04537037
2 0.28307292 0.68101853 0.058854166 0.06944445
2 0.2515625 0.66712964 0.032291666 0.049074072
2 0.23020834 0.6643519 0.053125 0.04537037
2 0.19036458 0.6722222 0.0734375 0.05185185
2 0.12838541 0.6699074 0.086979166 0.06944445
2 0.07005208 0.67685187 0.0953125 0.06851852
2 0.061979167 0.80046296 0.123958334 0.34537038
