2 0.037239585 0.7013889 0.0453125 0.04537037
2 0.06979167 0.70416665 0.036458332 0.039814815
2 0.14765625 0.72314817 0.10364583 0.12222222
2 0.23776041 0.7314815 0.0578125 0.06666667
2 0.35625 0.8115741 0.275 0.375
2 0.4921875 0.7449074 0.07604167 0.06759259
1 0.5541667 0.7550926 0.017708333 0.08240741
1 0.54296875 0.7453704 0.015104166 0.05740741
1 0.59453124 0.7671296 0.031770833 0.11018518
1 0.6255208 0.7652778 0.027083334 0.08425926
1 0.65 0.76944447 0.027083334 0.11296296
1 0.7395833 0.7583333 0.035416666 0.07962963
