2 0.40130207 0.45277777 0.0671875 0.03888889
4 0.85052085 0.40416667 0.25729167 0.125
1 0.9007813 0.72731483 0.1984375 0.35277778
1 0.84453124 0.65555555 0.031770833 0.08148148
2 0.37604168 0.650463 0.07604167 0.047222223
2 0.42083332 0.63148147 0.015625 0.022222223
2 0.39270833 0.6333333 0.013541667 0.02037037
2 0.40260416 0.63148147 0.013541667 0.02037037
2 0.46197918 0.6462963 0.042708334 0.042592593
2 0.48723957 0.6375 0.022395832 0.037962962
1 0.5450521 0.63703704 0.0067708334 0.02962963
2 0.4986979 0.6300926 0.0109375 0.017592592
