2 0.1546875 0.66805553 0.19270833 0.18796296
4 0.20651041 0.600463 0.14635417 0.15092592
2 0.2591146 0.63564813 0.12135417 0.14537036
2 0.33515626 0.63148147 0.07864583 0.1037037
3 0.3796875 0.6162037 0.057291668 0.09907407
2 0.41041666 0.6273148 0.033333335 0.05277778
2 0.42005208 0.62453705 0.0328125 0.047222223
2 0.46041667 0.6166667 0.013541667 0.018518519
2 0.4768229 0.62453705 0.0296875 0.043518517
1 0.49713543 0.61944443 0.0140625 0.031481482
2 0.5239583 0.62685186 0.03125 0.044444446
1 0.56875 0.62222224 0.010416667 0.033333335
2 0.75078124 0.6263889 0.047395833 0.037962962
0 0.8070313 0.63148147 0.011979166 0.05740741
0 0.7679688 0.62916666 0.0109375 0.05462963
2 0.43489584 0.6226852 0.027083334 0.039814815
