2 0.13932292 0.66944444 0.086979166 0.08148148
2 0.20494792 0.6597222 0.0546875 0.06944445
2 0.9145833 0.66481483 0.067708336 0.07037037
2 0.84583336 0.6699074 0.067708336 0.060185187
3 0.9106771 0.6402778 0.09739583 0.09537037
3 0.8830729 0.6310185 0.0890625 0.06759259
2 0.80078125 0.6652778 0.049479168 0.037962962
2 0.7473958 0.65925926 0.033333335 0.037037037
2 0.47239584 0.63935184 0.0125 0.017592592
2 0.4830729 0.6300926 0.009895833 0.019444445
3 0.5033854 0.6240741 0.022395832 0.053703703
2 0.53333336 0.6402778 0.013541667 0.023148147
