0 0.9330729 0.69861114 0.0171875 0.06944445
0 0.9138021 0.71666664 0.019270834 0.098148145
0 0.89427084 0.71481484 0.020833334 0.098148145
0 0.8796875 0.7189815 0.022916667 0.10092592
0 0.86848956 0.7162037 0.0140625 0.09351852
0 0.8518229 0.71944445 0.018229166 0.11111111
0 0.83229166 0.71944445 0.020833334 0.1037037
2 0.7583333 0.7523148 0.19895834 0.13611111
2 0.6700521 0.7328704 0.118229166 0.11018518
0 0.6330729 0.73425925 0.0265625 0.14444445
2 0.42005208 0.7736111 0.19947916 0.29722223
2 0.27552083 0.6962963 0.084375 0.1425926
2 0.24739583 0.68935186 0.051041666 0.09537037
2 0.22526042 0.68194443 0.0421875 0.0712963
3 0.19270833 0.64166665 0.060416665 0.10925926
3 0.13854167 0.6481481 0.054166667 0.09259259
2 0.14401041 0.6773148 0.056770835 0.08240741
1 0.0890625 0.650463 0.0125 0.030555556
2 0.061458334 0.6564815 0.032291666 0.048148148
2 0.040625 0.6486111 0.014583333 0.021296296
2 0.03515625 0.6472222 0.011979166 0.02037037
2 0.013541667 0.6458333 0.013541667 0.019444445
2 0.0234375 0.6458333 0.008333334 0.013888889
