2 0.088802084 0.73333335 0.17760417 0.18518518
0 0.21484375 0.7027778 0.0171875 0.083333336
2 0.29791668 0.7074074 0.07395833 0.087037034
2 0.3453125 0.6888889 0.032291666 0.044444446
2 0.3815104 0.6865741 0.040104166 0.062037036
4 0.4125 0.6888889 0.03125 0.04074074
4 0.41041666 0.662037 0.042708334 0.07777778
4 0.4421875 0.6675926 0.034375 0.05740741
2 0.44609374 0.68425924 0.022395832 0.031481482
2 0.5158854 0.72175926 0.09947917 0.16944444
2 0.6979167 0.75277776 0.140625 0.16481481
1 0.78802085 0.73333335 0.03125 0.10925926
1 0.8492187 0.73796296 0.033854168 0.12037037
1 0.86302084 0.7453704 0.04375 0.13148148
1 0.9114583 0.7449074 0.04375 0.14351852
1 0.97864586 0.7601852 0.042708334 0.20555556
