2 0.067708336 0.8625 0.13541667 0.27314815
2 0.027604166 0.66064817 0.055208333 0.08611111
2 0.134375 0.6398148 0.035416666 0.035185184
2 0.165625 0.64305556 0.048958335 0.037962962
2 0.16796875 0.6259259 0.043229166 0.042592593
3 0.21927084 0.6162037 0.057291668 0.0787037
3 0.27630207 0.6078704 0.041145835 0.06574074
2 0.31328124 0.6087963 0.0296875 0.037962962
2 0.35338542 0.66481483 0.061979167 0.087037034
2 0.44739583 0.7115741 0.104166664 0.175
2 0.44322917 0.62314814 0.033333335 0.08148148
2 0.46484375 0.6125 0.0171875 0.026851851
3 0.47552082 0.59675926 0.010416667 0.028703704
3 0.49296874 0.59074074 0.018229166 0.046296295
3 0.5296875 0.61851853 0.039583333 0.07037037
