1 0.09375 0.6814815 0.0375 0.075925924
2 0.2 0.6837963 0.184375 0.15648147
2 0.15234375 0.6782407 0.12447917 0.11574074
2 0.34192708 0.6643519 0.0984375 0.09351852
2 0.45234376 0.6486111 0.0390625 0.04537037
4 0.49505207 0.62777776 0.0328125 0.05
2 0.5138021 0.6425926 0.019270834 0.027777778
2 0.59583336 0.64537036 0.022916667 0.035185184
1 0.72786456 0.6662037 0.022395832 0.06944445
2 0.79322916 0.6587963 0.078125 0.06388889
2 0.8619792 0.66712964 0.065625 0.062037036
2 0.9018229 0.67314816 0.053645834 0.055555556
2 0.94375 0.66944444 0.08229167 0.06481481
3 0.5651042 0.63472223 0.015625 0.032407407
2 0.53203124 0.6402778 0.016145833 0.023148147
