0 0.039322916 0.59814817 0.019270834 0.09259259
0 0.028385418 0.587963 0.019270834 0.09259259
0 0.080729164 0.60231483 0.017708333 0.08240741
0 0.09322917 0.59583336 0.016666668 0.08611111
1 0.12291667 0.60925925 0.03125 0.11666667
0 0.15755208 0.5875 0.0171875 0.08240741
1 0.17682292 0.600463 0.0265625 0.09907407
1 0.21380208 0.59305555 0.0234375 0.06944445
0 0.2328125 0.57824075 0.009375 0.047222223
2 0.05078125 0.5703704 0.07239583 0.05925926
2 0.31067708 0.64074075 0.122395836 0.1574074
2 0.40729168 0.61388886 0.07083333 0.1
2 0.45494792 0.5949074 0.041145835 0.06388889
2 0.5210937 0.66018516 0.14635417 0.22592592
2 0.65520835 0.60555553 0.051041666 0.09074074
2 0.6984375 0.6490741 0.098958336 0.14444445
1 0.7966146 0.6490741 0.0265625 0.10555556
0 0.82682294 0.6328704 0.016145833 0.08055556
0 0.8434896 0.6328704 0.019270834 0.08425926
0 0.890625 0.63611114 0.020833334 0.09074074
0 0.88125 0.63148147 0.016666668 0.08888889
2 0.91796875 0.77592593 0.16302083 0.36481482
1 0.36510417 0.58935183 0.017708333 0.062037036
