2 0.075260416 0.66805553 0.14947917 0.09537037
2 0.13619791 0.6675926 0.1390625 0.08148148
0 0.16848959 0.6689815 0.019270834 0.10092592
2 0.17578125 0.65555555 0.09010417 0.05740741
0 0.23567708 0.6611111 0.0203125 0.08148148
0 0.26380208 0.6587963 0.011979166 0.06574074
2 0.275 0.65231484 0.065625 0.037962962
1 0.33359376 0.6652778 0.016145833 0.08425926
2 0.4075521 0.6666667 0.0640625 0.08148148
2 0.4841146 0.64768517 0.059895832 0.03425926
2 0.47760418 0.64166665 0.063541666 0.037037037
2 0.57942706 0.6458333 0.0515625 0.037962962
2 0.64270836 0.6449074 0.063541666 0.037962962
