1 0.24557291 0.68101853 0.086979166 0.14166667
1 0.18359375 0.65185183 0.025520833 0.06111111
4 0.3674479 0.66064817 0.011979166 0.06759259
0 0.3815104 0.662037 0.019270834 0.072222225
2 0.36015624 0.6634259 0.0328125 0.049074072
2 0.4265625 0.6625 0.035416666 0.047222223
2 0.44322917 0.65787035 0.021875 0.039814815
2 0.47864583 0.6634259 0.033333335 0.050925925
2 0.5140625 0.6564815 0.015625 0.031481482
2 0.54114586 0.66018516 0.020833334 0.02962963
2 0.9223958 0.78657407 0.15520833 0.42314816
