0 0.7971354 0.6574074 0.018229166 0.12407407
1 0.83203125 0.7462963 0.075520836 0.21111111
1 0.8773438 0.8203704 0.1296875 0.35925925
0 0.6119792 0.62824076 0.014583333 0.06388889
1 0.5513021 0.6351852 0.019270834 0.074074075
1 0.5260417 0.63611114 0.0125 0.055555556
1 0.49010417 0.61435187 0.010416667 0.036111113
1 0.47890624 0.60601854 0.009895833 0.037962962
1 0.46197918 0.6041667 0.009375 0.036111113
0 0.44270834 0.59768516 0.004166667 0.021296296
2 0.41692707 0.5972222 0.0171875 0.025925925
2 0.39635417 0.5935185 0.014583333 0.024074074
3 0.40234375 0.587963 0.0140625 0.025925925
2 0.38359374 0.59675926 0.019270834 0.026851851
2 0.37604168 0.59074074 0.010416667 0.016666668
2 0.36536458 0.59212965 0.015104166 0.021296296
2 0.34765625 0.59166664 0.021354167 0.033333335
2 0.328125 0.6050926 0.048958335 0.06388889
2 0.26067707 0.5875 0.036979165 0.05277778
1 0.21197917 0.59166664 0.009375 0.02962963
1 0.17682292 0.59444445 0.0140625 0.04074074
1 0.15833333 0.59814817 0.013541667 0.044444446
2 0.0453125 0.587963 0.047916666 0.037037037
