0 0.02421875 0.63935184 0.034895834 0.108333334
2 0.21276042 0.67638886 0.21614583 0.25092593
1 0.328125 0.65324074 0.05625 0.119444445
4 0.33541667 0.6134259 0.048958335 0.05648148
2 0.35546875 0.625 0.0234375 0.027777778
2 0.37109375 0.6273148 0.019270834 0.021296296
2 0.37994793 0.625 0.016145833 0.024074074
4 0.5018229 0.6212963 0.0140625 0.031481482
1 0.6195313 0.6652778 0.024479168 0.09351852
0 0.68125 0.6449074 0.008333334 0.039814815
0 0.7002604 0.6481481 0.0078125 0.024074074
0 0.70729166 0.6449074 0.008333334 0.039814815
1 0.74348956 0.6712963 0.022395832 0.08148148
