2 0.4075521 0.62083334 0.009895833 0.013888889
3 0.41901043 0.61435187 0.016145833 0.039814815
2 0.38645834 0.6212963 0.013541667 0.018518519
2 0.36171874 0.625 0.011979166 0.016666668
2 0.34869793 0.62546295 0.016145833 0.028703704
2 0.33411458 0.6296296 0.021354167 0.031481482
2 0.29947916 0.6287037 0.052083332 0.044444446
2 0.027604166 0.63611114 0.055208333 0.05925926
2 0.1109375 0.63055557 0.048958335 0.035185184
2 0.37682292 0.62222224 0.008854167 0.014814815
2 0.44322917 0.62685186 0.019791666 0.02962963
2 0.49010417 0.6449074 0.05 0.073148146
2 0.696875 0.6666667 0.103125 0.10185185
1 0.60729164 0.63472223 0.014583333 0.047222223
0 0.99088544 0.66481483 0.016145833 0.09259259
