2 0.024739584 0.63796294 0.049479168 0.05
2 0.067447916 0.6324074 0.0609375 0.05185185
2 0.33307293 0.6078704 0.041145835 0.050925925
2 0.3921875 0.599537 0.035416666 0.047222223
2 0.37682292 0.59074074 0.024479168 0.037037037
2 0.40963542 0.59212965 0.0234375 0.041666668
2 0.43854168 0.57546294 0.014583333 0.023148147
3 0.45 0.55601853 0.015625 0.037962962
2 0.4700521 0.5671296 0.021354167 0.050925925
2 0.5239583 0.5856481 0.030208332 0.041666668
3 0.7171875 0.5717593 0.06666667 0.05462963
2 0.50651044 0.5708333 0.019270834 0.032407407
3 0.6901042 0.56574076 0.0625 0.042592593
4 0.50208336 0.5587963 0.021875 0.047222223
