3 0.63489586 0.59675926 0.13958333 0.25462964
2 0.53125 0.59675926 0.026041666 0.037962962
2 0.29869792 0.6111111 0.036979165 0.042592593
3 0.43072918 0.56296295 0.015625 0.04074074
2 0.47161457 0.5763889 0.011979166 0.021296296
3 0.5005208 0.56574076 0.015625 0.03888889
3 0.47083333 0.55694443 0.04375 0.026851851
2 0.06614583 0.8175926 0.13229166 0.36296296
4 0.5236979 0.57453704 0.018229166 0.047222223
1 0.8497396 0.6125 0.024479168 0.07685185
1 0.9505208 0.6365741 0.040625 0.108333334
1 0.7192708 0.59814817 0.019791666 0.053703703
1 0.92057294 0.6212963 0.030729167 0.087037034
