2 0.9184896 0.6949074 0.16302083 0.20092593
0 0.828125 0.6388889 0.027083334 0.13333334
0 0.8049479 0.63935184 0.018229166 0.1287037
0 0.7859375 0.63842595 0.027083334 0.13796297
2 0.7994792 0.6175926 0.125 0.098148145
2 0.65625 0.6018519 0.0625 0.042592593
2 0.6169271 0.60833335 0.08177083 0.046296295
2 0.4221354 0.58055556 0.0078125 0.0129629625
2 0.42786458 0.59583336 0.0234375 0.023148147
2 0.35677084 0.5962963 0.015625 0.018518519
2 0.21640626 0.6018519 0.018229166 0.025925925
2 0.22447917 0.6050926 0.019791666 0.028703704
2 0.20442708 0.6435185 0.0671875 0.072222225
