2 0.86588544 0.7777778 0.26822916 0.38148147
4 0.67890626 0.5939815 0.1640625 0.30833334
2 0.071354166 0.7574074 0.14270833 0.44444445
0 0.1140625 0.6560185 0.042708334 0.18796296
1 0.22604166 0.6597222 0.059375 0.14907408
2 0.33020833 0.63842595 0.17604166 0.24907407
2 0.45130208 0.6486111 0.075520836 0.097222224
2 0.5208333 0.62314814 0.033333335 0.046296295
2 0.5598958 0.6324074 0.044791665 0.07037037
2 0.571875 0.62453705 0.033333335 0.05648148
2 0.6046875 0.61296296 0.025 0.031481482
2 0.5317708 0.6212963 0.023958333 0.037037037
2 0.5356771 0.6171296 0.0234375 0.037962962
