2 0.03203125 0.70185184 0.0640625 0.16296296
2 0.114322916 0.6703704 0.16510417 0.17592593
0 0.20963542 0.6666667 0.0234375 0.10185185
2 0.3205729 0.6652778 0.050520834 0.058333334
2 0.34322917 0.6611111 0.033333335 0.05740741
2 0.36328125 0.662037 0.025520833 0.044444446
2 0.4075521 0.6550926 0.019270834 0.03425926
2 0.44427082 0.6560185 0.021875 0.023148147
1 0.53776044 0.66851854 0.016145833 0.06481481
2 0.57161456 0.66481483 0.034895834 0.048148148
2 0.6484375 0.68935186 0.071875 0.10092592
4 0.6703125 0.6236111 0.13333334 0.1675926
2 0.7765625 0.6898148 0.140625 0.2
2 0.8966146 0.7592593 0.20572917 0.24259259
