3 0.1328125 0.6425926 0.07083333 0.08888889
2 0.284375 0.64074075 0.029166667 0.037037037
2 0.30755207 0.63564813 0.022395832 0.026851851
3 0.34791666 0.6259259 0.038541667 0.027777778
3 0.40833333 0.60925925 0.017708333 0.031481482
2 0.4309896 0.6240741 0.0234375 0.044444446
2 0.45911458 0.6287037 0.0296875 0.06851852
2 0.47942707 0.6263889 0.019270834 0.028703704
3 0.4875 0.6175926 0.011458334 0.025925925
3 0.5044271 0.6111111 0.016145833 0.04074074
2 0.5158854 0.62777776 0.016145833 0.02037037
3 0.5515625 0.6226852 0.028125 0.047222223
2 0.6276042 0.6513889 0.059375 0.06574074
2 0.89921874 0.72175926 0.19947916 0.20462963
