1 0.7440104 0.6527778 0.0234375 0.085185185
0 0.7283854 0.62824076 0.008854167 0.047222223
2 0.5658854 0.61944443 0.008854167 0.016666668
2 0.5513021 0.6226852 0.011979166 0.015740741
4 0.51484376 0.6134259 0.019270834 0.032407407
3 0.47213542 0.6074074 0.036979165 0.05740741
2 0.4377604 0.62314814 0.019270834 0.02962963
1 0.34557292 0.62546295 0.0078125 0.030555556
1 0.14973958 0.6324074 0.018229166 0.062962964
0 0.08645833 0.6259259 0.0125 0.062962964
0 0.067447916 0.6259259 0.011979166 0.05925926
0 0.0515625 0.625 0.011458334 0.05925926
