2 0.0546875 0.6796296 0.109375 0.13518518
1 0.1859375 0.6722222 0.04375 0.13148148
2 0.15078124 0.6634259 0.102604166 0.11018518
2 0.22994791 0.65231484 0.069270834 0.08981481
2 0.27734375 0.65555555 0.056770835 0.06666667
2 0.30755207 0.65324074 0.0390625 0.05462963
1 0.33671874 0.65555555 0.021354167 0.07962963
2 0.34791666 0.650463 0.033333335 0.043518517
1 0.40885416 0.64166665 0.010416667 0.044444446
1 0.425 0.64398146 0.009375 0.037962962
2 0.45052084 0.6481481 0.033333335 0.042592593
2 0.40729168 0.6435185 0.023958333 0.02962963
2 0.49557292 0.6402778 0.009895833 0.012037037
3 0.5513021 0.63055557 0.027604166 0.06481481
2 0.57890624 0.65416664 0.0703125 0.041666668
