2 0.73307294 0.64305556 0.0546875 0.041666668
2 0.07994792 0.6662037 0.15989584 0.1287037
2 0.20598958 0.66018516 0.111979164 0.094444446
2 0.28619793 0.6462963 0.07239583 0.083333336
2 0.33359376 0.6472222 0.0484375 0.074074075
2 0.375 0.65833336 0.08229167 0.10555556
3 0.3986979 0.62824076 0.030729167 0.058333334
2 0.48046875 0.65 0.036979165 0.053703703
3 0.4640625 0.61527777 0.033333335 0.06759259
3 0.44375 0.6263889 0.027083334 0.047222223
2 0.50364584 0.64305556 0.019791666 0.036111113
2 0.515625 0.6402778 0.016666668 0.026851851
2 0.5257813 0.6365741 0.015104166 0.021296296
2 0.6091146 0.6462963 0.047395833 0.035185184
1 0.646875 0.64537036 0.010416667 0.033333335
3 0.5494792 0.6337963 0.022916667 0.043518517
3 0.55390626 0.6199074 0.024479168 0.05648148
2 0.5721354 0.63472223 0.011979166 0.017592592
