2 0.042447917 0.6837963 0.084895834 0.29166666
2 0.2546875 0.61435187 0.021875 0.03425926
2 0.23619792 0.6171296 0.030729167 0.039814815
2 0.27708334 0.61203706 0.0125 0.018518519
2 0.3234375 0.6148148 0.011458334 0.022222223
2 0.3484375 0.6157407 0.021875 0.033333335
2 0.375 0.6259259 0.032291666 0.04074074
0 0.4127604 0.61851853 0.005729167 0.033333335
1 0.5231771 0.63564813 0.013020833 0.06574074
2 0.5338542 0.6388889 0.06979167 0.05740741
0 0.81614584 0.68194443 0.030208332 0.12685186
0 0.85026044 0.6861111 0.0234375 0.11851852
