0 0.9078125 0.6962963 0.014583333 0.072222225
0 0.89635414 0.6898148 0.0125 0.06666667
0 0.8341146 0.68935186 0.0171875 0.0712963
0 0.8140625 0.68796295 0.015625 0.074074075
0 0.78515625 0.68935186 0.013020833 0.06759259
1 0.5859375 0.6828704 0.036458332 0.05462963
0 0.20260416 0.6527778 0.010416667 0.05185185
0 0.19036458 0.6527778 0.0140625 0.05740741
0 0.153125 0.649537 0.013541667 0.075
0 0.09557292 0.6467593 0.0109375 0.05648148
1 0.056510415 0.65416664 0.041145835 0.06388889
0 0.023177084 0.6449074 0.0171875 0.06574074
0 0.01171875 0.64398146 0.0140625 0.062037036
