0 0.12421875 0.6796296 0.011979166 0.053703703
0 0.11640625 0.6796296 0.009895833 0.044444446
3 0.24661459 0.6148148 0.22239584 0.31666666
4 0.35703126 0.65324074 0.0390625 0.06759259
2 0.41979167 0.6703704 0.033333335 0.044444446
2 0.434375 0.66712964 0.023958333 0.03425926
2 0.4518229 0.662037 0.016145833 0.02037037
3 0.48020834 0.6574074 0.016666668 0.02962963
0 0.5078125 0.6652778 0.011458334 0.047222223
1 0.6226562 0.675 0.0265625 0.08148148
2 0.6351563 0.6662037 0.080729164 0.05648148
2 0.6955729 0.65555555 0.0734375 0.05
2 0.71666664 0.6435185 0.034375 0.031481482
2 0.76145834 0.64398146 0.046875 0.032407407
2 0.81119794 0.6574074 0.10989583 0.11851852
2 0.865625 0.63796294 0.047916666 0.04074074
0 0.9122396 0.64444447 0.0109375 0.04074074
0 0.98229164 0.6449074 0.023958333 0.13981481
0 0.9721354 0.6467593 0.018229166 0.13425925
