4 0.031510416 0.65787035 0.0140625 0.0712963
4 0.041666668 0.6597222 0.015625 0.073148146
2 0.31848958 0.650463 0.1234375 0.2175926
2 0.37317708 0.6791667 0.052604165 0.07685185
2 0.38958332 0.67175925 0.051041666 0.060185187
2 0.44348958 0.6782407 0.052604165 0.07685185
2 0.45703125 0.67546296 0.036979165 0.060185187
2 0.40546876 0.6666667 0.036979165 0.046296295
2 0.46484375 0.67314816 0.033854168 0.05185185
4 0.5484375 0.63611114 0.128125 0.18888889
0 0.6578125 0.68472224 0.028125 0.13240741
0 0.7367188 0.6865741 0.016145833 0.097222224
1 0.7729167 0.7152778 0.044791665 0.13425925
2 0.15234375 0.6560185 0.036979165 0.03425926
0 0.646875 0.67453706 0.01875 0.09907407
