0 0.0067708334 0.70092595 0.0072916667 0.044444446
0 0.02265625 0.7092593 0.011979166 0.046296295
1 0.06588542 0.7106481 0.022395832 0.04537037
2 0.10885417 0.725463 0.11145833 0.11388889
1 0.17083333 0.71712965 0.015625 0.047222223
1 0.20052083 0.72037035 0.013541667 0.04074074
1 0.20755209 0.71944445 0.016145833 0.044444446
0 0.2328125 0.7138889 0.0072916667 0.037037037
0 0.25260416 0.7115741 0.00625 0.028703704
2 0.26848957 0.724537 0.0390625 0.04537037
2 0.29270834 0.72407407 0.029166667 0.037037037
2 0.32291666 0.724537 0.03125 0.041666668
2 0.35572916 0.73564816 0.06666667 0.08796296
4 0.38776043 0.70092595 0.0390625 0.08148148
2 0.40703124 0.724537 0.0171875 0.026851851
2 0.42005208 0.72314817 0.0109375 0.018518519
2 0.43333334 0.724537 0.01875 0.03425926
2 0.4440104 0.71666664 0.0265625 0.033333335
2 0.4455729 0.72175926 0.011979166 0.019444445
4 0.46979168 0.7060185 0.045833334 0.097222224
1 0.5203125 0.7282407 0.008333334 0.028703704
1 0.50989586 0.725 0.008333334 0.02962963
0 0.60078126 0.72175926 0.0078125 0.03425926
0 0.66536456 0.7259259 0.009895833 0.048148148
0 0.6947917 0.7268519 0.011458334 0.046296295
0 0.7192708 0.7287037 0.0125 0.048148148
1 0.77265626 0.7361111 0.022395832 0.06851852
1 0.821875 0.74444443 0.05 0.09259259
1 0.8075521 0.7375 0.040104166 0.08055556
1 0.78776044 0.7268519 0.0203125 0.046296295
