1 0.48541668 0.7324074 0.015625 0.037037037
4 0.4377604 0.71342593 0.011979166 0.026851851
2 0.43463543 0.72037035 0.0109375 0.016666668
4 0.40234375 0.7023148 0.046354167 0.09166667
2 0.3546875 0.7314815 0.044791665 0.05925926
1 0.33359376 0.72731483 0.013020833 0.043518517
1 0.29010418 0.7291667 0.015625 0.05462963
2 0.11796875 0.74583334 0.1953125 0.20462963
1 0.50625 0.73333335 0.0072916667 0.042592593
2 0.42369792 0.72407407 0.013020833 0.02037037
2 0.4622396 0.72268516 0.0078125 0.012037037
