2 0.8731771 0.70694447 0.20052083 0.18611111
2 0.61875 0.6467593 0.05625 0.060185187
3 0.5494792 0.6226852 0.027083334 0.04537037
2 0.53489584 0.6236111 0.009375 0.013888889
3 0.28489584 0.6263889 0.033333335 0.04537037
2 0.42760417 0.6226852 0.025 0.04537037
2 0.45052084 0.6226852 0.009375 0.021296296
2 0.46588543 0.62685186 0.030729167 0.06851852
2 0.48046875 0.6263889 0.0203125 0.026851851
3 0.5054687 0.61203706 0.015104166 0.037037037
2 0.5161458 0.62824076 0.016666668 0.025
2 0.35859376 0.6287037 0.019270834 0.016666668
