2 0.09973958 0.7300926 0.14427084 0.1287037
2 0.18776041 0.7347222 0.069270834 0.0787037
2 0.2731771 0.7583333 0.12552084 0.13333334
2 0.33307293 0.73888886 0.0671875 0.11111111
2 0.3828125 0.7439815 0.05 0.0787037
2 0.5174479 0.775463 0.102604166 0.15277778
4 0.5734375 0.7189815 0.030208332 0.06759259
4 0.66770834 0.7175926 0.0875 0.13333334
1 0.72734374 0.75 0.015104166 0.05
1 0.7625 0.75185186 0.0125 0.053703703
1 0.82708335 0.7546296 0.0125 0.075925924
1 0.8861979 0.7578704 0.0203125 0.08796296
