2 0.11901042 0.6722222 0.23802084 0.3
2 0.29088542 0.61527777 0.0828125 0.108333334
2 0.34166667 0.60601854 0.04375 0.06759259
2 0.37864584 0.60462964 0.021875 0.02962963
4 0.45104167 0.5638889 0.13020833 0.28148147
1 0.5200521 0.6203704 0.015104166 0.05
1 0.5591146 0.6300926 0.019270834 0.062037036
1 0.5875 0.63564813 0.025 0.075
1 0.6330729 0.62916666 0.034895834 0.047222223
1 0.66614586 0.6467593 0.030208332 0.08611111
0 0.7835938 0.6337963 0.008854167 0.05648148
2 0.84244794 0.6375 0.080729164 0.058333334
2 0.88072914 0.64398146 0.0875 0.060185187
2 0.9653646 0.6472222 0.0671875 0.053703703
