2 0.18802084 0.67083335 0.108333334 0.09351852
2 0.25286457 0.6643519 0.07447917 0.07685185
2 0.30364582 0.6550926 0.060416665 0.0712963
2 0.33958334 0.65 0.042708334 0.06111111
2 0.36458334 0.65185183 0.0375 0.048148148
2 0.3796875 0.6513889 0.026041666 0.043518517
1 0.3986979 0.650463 0.015104166 0.05277778
2 0.40833333 0.64768517 0.023958333 0.037962962
1 0.44739583 0.6458333 0.009375 0.039814815
2 0.44609374 0.6412037 0.021354167 0.026851851
1 0.4684896 0.6388889 0.008854167 0.02962963
1 0.47916666 0.6412037 0.0072916667 0.028703704
2 0.50651044 0.6412037 0.018229166 0.025
2 0.5528646 0.63564813 0.009895833 0.013888889
2 0.5854167 0.64768517 0.057291668 0.03425926
