2 0.027083334 0.6638889 0.054166667 0.11851852
3 0.110416666 0.5986111 0.14791666 0.20462963
3 0.19817708 0.59675926 0.11302083 0.18055555
3 0.26953125 0.6148148 0.08385417 0.13333334
2 0.2578125 0.67685187 0.15 0.17037037
2 0.3283854 0.6351852 0.015104166 0.022222223
2 0.340625 0.63611114 0.0125 0.018518519
2 0.3518229 0.6337963 0.011979166 0.023148147
2 0.36822918 0.63055557 0.033333335 0.035185184
3 0.3921875 0.6175926 0.03125 0.05185185
3 0.4138021 0.6263889 0.0171875 0.026851851
4 0.43229166 0.62314814 0.016666668 0.02037037
2 0.4328125 0.63148147 0.013541667 0.018518519
1 0.5450521 0.6300926 0.0078125 0.019444445
2 0.52760416 0.62916666 0.008333334 0.012037037
2 0.5179688 0.6300926 0.0109375 0.015740741
2 0.50989586 0.6296296 0.010416667 0.0129629625
2 0.5005208 0.6296296 0.010416667 0.014814815
2 0.4890625 0.6287037 0.011458334 0.016666668
2 0.4796875 0.63148147 0.013541667 0.02037037
1 0.596875 0.62777776 0.010416667 0.02037037
1 0.60546875 0.6287037 0.0109375 0.02037037
2 0.78828126 0.6296296 0.065104164 0.046296295
