2 0.079427086 0.6458333 0.15885417 0.14351852
2 0.315625 0.64398146 0.042708334 0.060185187
2 0.35390624 0.650463 0.025520833 0.026851851
3 0.48802084 0.6226852 0.06979167 0.1675926
2 0.4596354 0.7412037 0.2015625 0.28796297
4 0.5484375 0.6472222 0.042708334 0.1037037
2 0.5546875 0.65416664 0.03125 0.050925925
2 0.57942706 0.67083335 0.0515625 0.08240741
2 0.6067708 0.68425924 0.07395833 0.09259259
2 0.68046874 0.7115741 0.1046875 0.13981481
2 0.803125 0.76435184 0.22291666 0.26944444
3 0.94166666 0.6300926 0.115625 0.7398148
