2 0.91484374 0.8800926 0.16822916 0.23796296
2 0.8539063 0.6412037 0.0984375 0.062037036
1 0.7796875 0.6078704 0.019791666 0.04537037
2 0.725 0.73703706 0.1875 0.23148148
2 0.64921874 0.69166666 0.09427083 0.12407407
2 0.66822916 0.63564813 0.096875 0.12685186
2 0.48020834 0.55185187 0.008333334 0.014814815
2 0.5307292 0.6324074 0.12916666 0.075925924
2 0.5033854 0.60833335 0.091145836 0.05740741
2 0.465625 0.6935185 0.13229166 0.16851851
0 0.41041666 0.6157407 0.027083334 0.085185185
0 0.37916666 0.6449074 0.021875 0.125
1 0.35260418 0.5972222 0.028125 0.055555556
2 0.4700521 0.8574074 0.35572916 0.2851852
1 0.27552083 0.62546295 0.027083334 0.08981481
0 0.2578125 0.63472223 0.020833334 0.09907407
0 0.20442708 0.6449074 0.021354167 0.121296294
2 0.25885418 0.599537 0.134375 0.13055556
