2 0.054427084 0.67546296 0.10885417 0.15462963
2 0.091145836 0.65694445 0.057291668 0.106481485
1 0.23255208 0.675 0.0109375 0.037037037
1 0.21770833 0.6722222 0.011458334 0.042592593
1 0.18828125 0.6722222 0.011979166 0.04074074
0 0.17473958 0.67175925 0.0078125 0.039814815
2 0.28333333 0.6875 0.09583333 0.13425925
2 0.3671875 0.67638886 0.013541667 0.023148147
2 0.35572916 0.6712963 0.019791666 0.04074074
2 0.34583333 0.6722222 0.026041666 0.044444446
2 0.3815104 0.6773148 0.025520833 0.036111113
2 0.40546876 0.6800926 0.034895834 0.049074072
3 0.42083332 0.6675926 0.028125 0.062962964
2 0.4622396 0.6828704 0.027604166 0.043518517
1 0.61302084 0.6921296 0.026041666 0.09537037
