2 0.07265625 0.6782407 0.1453125 0.14351852
3 0.061979167 0.6365741 0.12291667 0.1712963
2 0.38984376 0.6657407 0.0703125 0.10185185
3 0.3596354 0.61203706 0.0765625 0.13703704
3 0.31953126 0.6300926 0.0703125 0.10092592
2 0.46380207 0.65694445 0.0390625 0.05462963
2 0.61510414 0.662037 0.06875 0.05185185
1 0.6822917 0.66157407 0.015625 0.05277778
1 0.8434896 0.6875 0.0171875 0.06574074
2 0.8072917 0.6587963 0.08958333 0.06388889
2 0.8921875 0.6481481 0.063541666 0.044444446
3 0.5210937 0.6425926 0.028645834 0.046296295
2 0.53697914 0.6449074 0.010416667 0.015740741
4 0.5236979 0.62546295 0.024479168 0.050925925
2 0.4875 0.650463 0.019791666 0.026851851
