2 0.16588542 0.70416665 0.25052083 0.26203704
2 0.3200521 0.69074076 0.23385416 0.15
2 0.48619792 0.6759259 0.084895834 0.10185185
2 0.5203125 0.67314816 0.061458334 0.08148148
2 0.55625 0.6638889 0.052083332 0.072222225
0 0.6635417 0.68472224 0.030208332 0.13055556
2 0.69921875 0.662037 0.0734375 0.05
0 0.5940104 0.6587963 0.0109375 0.050925925
2 0.57682294 0.6662037 0.024479168 0.04537037
2 0.5989583 0.6597222 0.015625 0.03425926
2 0.60729164 0.6597222 0.014583333 0.028703704
2 0.63151044 0.65787035 0.0109375 0.015740741
5 0.62109375 0.65787035 0.013020833 0.03425926
