2 0.25859374 0.6722222 0.0484375 0.044444446
2 0.2809896 0.67175925 0.0546875 0.062037036
2 0.3203125 0.67175925 0.029166667 0.030555556
2 0.33671874 0.67083335 0.031770833 0.039814815
4 0.35234374 0.65324074 0.0359375 0.05648148
4 0.40026042 0.6560185 0.019270834 0.041666668
2 0.42708334 0.67175925 0.027083334 0.039814815
2 0.45520833 0.6791667 0.038541667 0.05462963
1 0.60026044 0.6800926 0.016145833 0.06388889
1 0.6484375 0.6884259 0.029166667 0.08796296
2 0.7348958 0.67638886 0.06979167 0.0712963
2 0.8341146 0.67777777 0.10364583 0.10555556
0 0.9302083 0.63796294 0.019791666 0.09259259
2 0.9429687 0.6935185 0.1140625 0.11851852
