1 0.41119793 0.59814817 0.0140625 0.05740741
1 0.44635418 0.58194447 0.013541667 0.03425926
1 0.48255208 0.5773148 0.009895833 0.030555556
2 0.46484375 0.57222223 0.0234375 0.025925925
0 0.5278646 0.8375 0.16927083 0.32314816
3 0.77552086 0.68935186 0.44791666 0.3935185
3 0.8101562 0.5962963 0.37864584 0.43703705
0 0.21979167 0.8125 0.1375 0.375
3 0.17838542 0.49953705 0.35677084 0.9990741
2 0.58958334 0.6125 0.092708334 0.08055556
3 0.34192708 0.55046296 0.10989583 0.13425925
3 0.58515626 0.58518517 0.1265625 0.09259259
