2 0.9669271 0.5949074 0.06614583 0.0712963
2 0.94401044 0.6018519 0.100520834 0.062962964
1 0.8854167 0.6009259 0.027083334 0.044444446
1 0.8382813 0.63055557 0.0984375 0.18333334
2 0.79765624 0.6050926 0.09739583 0.062037036
2 0.7046875 0.6134259 0.15104167 0.108333334
2 0.64375 0.61157405 0.08541667 0.058333334
1 0.5054687 0.61064816 0.033854168 0.05277778
2 0.4953125 0.6018519 0.029166667 0.044444446
2 0.45208332 0.5962963 0.019791666 0.033333335
2 0.45885417 0.59444445 0.021875 0.035185184
2 0.41302082 0.62824076 0.16666667 0.09166667
1 0.3205729 0.6087963 0.009895833 0.047222223
1 0.17291667 0.6162037 0.035416666 0.062037036
2 0.092708334 0.6976852 0.18541667 0.2898148
