1 0.09947917 0.64166665 0.036458332 0.083333336
2 0.1765625 0.6587963 0.125 0.1287037
1 0.2799479 0.6273148 0.0109375 0.037962962
1 0.2921875 0.6273148 0.0072916667 0.036111113
1 0.31041667 0.6236111 0.00625 0.030555556
1 0.3203125 0.6236111 0.009375 0.028703704
2 0.4046875 0.6162037 0.011458334 0.015740741
2 0.42395833 0.61527777 0.011458334 0.013888889
2 0.38984376 0.62222224 0.019270834 0.027777778
2 0.36875 0.6342593 0.042708334 0.06111111
3 0.4609375 0.60231483 0.045833334 0.117592596
4 0.5815104 0.5902778 0.1484375 0.23981482
