1 0.24609375 0.6912037 0.0703125 0.14166667
2 0.75416666 0.6666667 0.06666667 0.11666667
1 0.671875 0.6574074 0.010416667 0.04074074
1 0.653125 0.6574074 0.008333334 0.037037037
2 0.98567706 0.7407407 0.027604166 0.14814815
2 0.9533854 0.69953704 0.0921875 0.14351852
2 0.92395836 0.67777777 0.09583333 0.12592593
2 0.8768229 0.67546296 0.0515625 0.0712963
2 0.8411458 0.66064817 0.025 0.036111113
2 0.82395834 0.6564815 0.015625 0.022222223
1 0.8101562 0.65185183 0.005729167 0.022222223
1 0.79322916 0.65462965 0.00625 0.018518519
2 0.896875 0.6759259 0.057291668 0.098148145
2 0.8619792 0.6703704 0.036458332 0.062962964
