2 0.21067709 0.66851854 0.10364583 0.11296296
2 0.37708333 0.6490741 0.028125 0.037037037
2 0.41927084 0.64537036 0.013541667 0.022222223
2 0.46302083 0.6449074 0.009375 0.015740741
2 0.49739584 0.65555555 0.029166667 0.02962963
1 0.47473958 0.650463 0.0078125 0.032407407
0 0.9591146 0.725463 0.0546875 0.19351852
0 0.91770834 0.72314817 0.039583333 0.17222223
0 0.87630206 0.7185185 0.036979165 0.1537037
0 0.84739584 0.71666664 0.040625 0.15
0 0.9927083 0.7106481 0.014583333 0.19166666
0 0.51692706 0.65185183 0.0078125 0.037037037
0 0.5523437 0.6527778 0.0078125 0.037037037
