3 0.12838541 0.65324074 0.11510417 0.11203704
2 0.22369792 0.6782407 0.0703125 0.058333334
4 0.37291667 0.67453706 0.040625 0.06759259
1 0.38880208 0.6949074 0.036979165 0.073148146
2 0.41614583 0.69398147 0.03125 0.047222223
2 0.425 0.6921296 0.025 0.041666668
2 0.43489584 0.6898148 0.019791666 0.037037037
2 0.44427082 0.69074076 0.014583333 0.025925925
4 0.45052084 0.6861111 0.015625 0.033333335
2 0.51484376 0.7152778 0.1546875 0.108333334
2 0.5955729 0.70648146 0.0390625 0.05
2 0.8442708 0.7291667 0.13229166 0.10277778
2 0.965625 0.73194444 0.06666667 0.0712963
