1 0.067447916 0.6953704 0.046354167 0.096296296
2 0.32552084 0.6759259 0.0375 0.042592593
2 0.38359374 0.6736111 0.027604166 0.037962962
2 0.36328125 0.6666667 0.022395832 0.027777778
2 0.34791666 0.662037 0.015625 0.025925925
0 0.2171875 0.67083335 0.009375 0.037962962
2 0.28619793 0.6736111 0.022395832 0.017592592
0 0.28619793 0.66712964 0.0067708334 0.028703704
2 0.39453125 0.66805553 0.0171875 0.03425926
2 0.41979167 0.6703704 0.014583333 0.024074074
2 0.5033854 0.67777777 0.044270832 0.074074075
2 0.48359376 0.6666667 0.0234375 0.033333335
2 0.47239584 0.6736111 0.020833334 0.019444445
2 0.57395834 0.6912037 0.07083333 0.11018518
0 0.6216146 0.67314816 0.0067708334 0.033333335
3 0.3684896 0.6560185 0.0140625 0.03425926
