2 0.46666667 0.76296294 0.28854167 0.4037037
2 0.27916667 0.6300926 0.039583333 0.037962962
2 0.22682291 0.64305556 0.06614583 0.036111113
2 0.17239584 0.6421296 0.054166667 0.03425926
5 0.18984374 0.6449074 0.0234375 0.062037036
2 0.119791664 0.64398146 0.041666668 0.039814815
2 0.096614584 0.6449074 0.0640625 0.04537037
2 0.063802086 0.6481481 0.055729166 0.046296295
1 0.05234375 0.66805553 0.034895834 0.09351852
2 0.025260417 0.6513889 0.050520834 0.043518517
2 0.66770834 0.6300926 0.036458332 0.028703704
2 0.63671875 0.62685186 0.028645834 0.02037037
1 0.63697916 0.6287037 0.009375 0.033333335
2 0.73828125 0.675 0.1484375 0.16666667
1 0.88072914 0.6486111 0.032291666 0.10092592
1 0.22369792 0.64768517 0.021354167 0.062037036
