2 0.440625 0.6236111 0.013541667 0.017592592
2 0.42786458 0.6296296 0.0171875 0.022222223
2 0.48776042 0.67314816 0.0546875 0.07777778
2 0.52734375 0.6365741 0.019270834 0.032407407
2 0.5484375 0.6490741 0.036458332 0.05185185
2 0.56666666 0.66157407 0.05 0.06944445
2 0.69114584 0.72731483 0.15416667 0.18611111
2 0.77265626 0.61527777 0.0421875 0.026851851
2 0.484375 0.6240741 0.0125 0.016666668
2 0.4518229 0.6203704 0.011979166 0.014814815
3 0.48828125 0.60694444 0.019270834 0.043518517
2 0.5122396 0.6166667 0.0078125 0.014814815
2 0.7075521 0.6162037 0.031770833 0.023148147
