4 0.0984375 0.5615741 0.196875 0.41759259
2 0.26197916 0.6125 0.17395833 0.26203704
2 0.35338542 0.6296296 0.058854166 0.09074074
2 0.40286458 0.6287037 0.0234375 0.03888889
3 0.37317708 0.6009259 0.025520833 0.055555556
2 0.48229167 0.7092593 0.19270833 0.2777778
2 0.5252604 0.61203706 0.1203125 0.19444445
1 0.66536456 0.68333334 0.0703125 0.20185184
2 0.66510415 0.6402778 0.109375 0.08981481
1 0.6109375 0.6273148 0.020833334 0.043518517
1 0.74010414 0.7106481 0.09791667 0.24351852
1 0.84166664 0.74953705 0.13125 0.3787037
0 0.76927084 0.62222224 0.016666668 0.06666667
2 0.8903646 0.6180556 0.086979166 0.058333334
4 0.93619794 0.59212965 0.12552084 0.10277778
