2 0.9341146 0.8162037 0.13177083 0.3675926
2 0.7924479 0.7199074 0.18072917 0.20462963
2 0.8929688 0.7060185 0.116145834 0.14537036
2 0.7395833 0.67777777 0.103125 0.12962963
2 0.69114584 0.6634259 0.075 0.10462963
2 0.65234375 0.662963 0.041145835 0.07962963
2 0.6507813 0.649537 0.0390625 0.06759259
2 0.63697916 0.65324074 0.032291666 0.05648148
2 0.63072914 0.63842595 0.036458332 0.073148146
2 0.52916664 0.6296296 0.013541667 0.02037037
2 0.5502604 0.6296296 0.0140625 0.022222223
2 0.5765625 0.62916666 0.0125 0.023148147
1 0.496875 0.6324074 0.013541667 0.022222223
