2 0.69140625 0.6703704 0.28697917 0.41666666
1 0.100260414 0.65185183 0.0296875 0.07037037
2 0.21822916 0.662963 0.13125 0.12037037
2 0.5486979 0.6226852 0.013020833 0.025
2 0.52421874 0.6236111 0.013020833 0.021296296
2 0.5002604 0.6199074 0.0078125 0.013888889
2 0.4734375 0.6259259 0.014583333 0.022222223
2 0.4544271 0.62777776 0.021354167 0.025925925
2 0.39375 0.63055557 0.03125 0.037037037
1 0.99140626 0.67638886 0.0171875 0.108333334
0 0.9109375 0.65092593 0.022916667 0.13148148
1 0.8304688 0.64768517 0.015104166 0.060185187
