4 0.08828125 0.5611111 0.17552084 0.26666668
1 0.15182291 0.6388889 0.055729166 0.12222222
1 0.19036458 0.6300926 0.024479168 0.09907407
1 0.21770833 0.63472223 0.030208332 0.09351852
2 0.20911458 0.6009259 0.0890625 0.12407407
2 0.2669271 0.61944443 0.056770835 0.072222225
2 0.2953125 0.6263889 0.03125 0.047222223
2 0.31354168 0.62546295 0.027083334 0.039814815
2 0.3359375 0.6199074 0.029166667 0.041666668
2 0.34791666 0.6157407 0.022916667 0.024074074
2 0.36614582 0.62083334 0.021875 0.028703704
2 0.39479166 0.6166667 0.015625 0.022222223
2 0.40989584 0.6148148 0.011458334 0.014814815
2 0.4375 0.6125 0.010416667 0.015740741
2 0.44635418 0.61527777 0.013541667 0.023148147
1 0.4596354 0.6189815 0.0078125 0.032407407
5 0.48125 0.63148147 0.019791666 0.06481481
2 0.49947917 0.625 0.017708333 0.031481482
2 0.5101563 0.6263889 0.022395832 0.03425926
4 0.54895836 0.59814817 0.071875 0.1388889
4 0.61875 0.5847222 0.121875 0.26018518
4 0.8013021 0.45 0.39739582 0.8296296
5 0.3825521 0.60694444 0.0203125 0.04537037
