1 0.8325521 0.6296296 0.018229166 0.055555556
1 0.8388021 0.61851853 0.011979166 0.044444446
2 0.84270835 0.61064816 0.051041666 0.049074072
2 0.7184896 0.6157407 0.0265625 0.037037037
2 0.6799479 0.6259259 0.040104166 0.05185185
3 0.6372396 0.5939815 0.0359375 0.050925925
2 0.62109375 0.62824076 0.038020834 0.047222223
2 0.5828125 0.63055557 0.051041666 0.05185185
2 0.52760416 0.63564813 0.071875 0.06944445
3 0.47734374 0.6027778 0.091145836 0.11296296
2 0.3434896 0.6134259 0.0546875 0.049074072
2 0.27942708 0.6180556 0.050520834 0.039814815
1 0.203125 0.6467593 0.021875 0.06388889
2 0.20494792 0.6263889 0.056770835 0.05462963
2 0.047395833 0.63148147 0.094791666 0.09259259
2 0.12552084 0.6375 0.063541666 0.058333334
2 0.17421874 0.62453705 0.0484375 0.049074072
2 0.22552083 0.6171296 0.046875 0.041666668
