2 0.0671875 0.6921296 0.12708333 0.15648147
2 0.31067708 0.71435183 0.1328125 0.14351852
1 0.17239584 0.68703705 0.032291666 0.072222225
1 0.19817708 0.6898148 0.025520833 0.072222225
2 0.3986979 0.7083333 0.047395833 0.06851852
2 0.42890626 0.70324075 0.033854168 0.049074072
2 0.44427082 0.6990741 0.022916667 0.04074074
4 0.5388021 0.6898148 0.034895834 0.07037037
2 0.5705729 0.7037037 0.047395833 0.085185185
2 0.6635417 0.7425926 0.119791664 0.14444445
1 0.765625 0.7328704 0.020833334 0.07685185
1 0.72291666 0.7291667 0.015625 0.06944445
2 0.89713544 0.7652778 0.20052083 0.17685185
