1 0.25572917 0.6273148 0.011458334 0.047222223
1 0.2453125 0.62685186 0.013541667 0.048148148
2 0.27239582 0.61944443 0.030208332 0.022222223
4 0.39140624 0.6101852 0.018229166 0.037037037
2 0.4065104 0.62083334 0.0140625 0.019444445
2 0.47369793 0.6333333 0.0296875 0.046296295
2 0.49583334 0.6328704 0.041666668 0.062037036
2 0.52552086 0.6398148 0.057291668 0.09259259
2 0.5434896 0.6574074 0.0671875 0.09259259
2 0.59765625 0.67314816 0.11510417 0.14444445
2 0.7403646 0.7037037 0.25260416 0.29814816
2 0.8726562 0.71712965 0.2546875 0.21944444
