3 0.32916668 0.6310185 0.11145833 0.25462964
2 0.3903646 0.68425924 0.013020833 0.02037037
2 0.3986979 0.68101853 0.009895833 0.015740741
2 0.41614583 0.67546296 0.027083334 0.060185187
3 0.43489584 0.6652778 0.029166667 0.06759259
2 0.42864582 0.6865741 0.020833334 0.03425926
3 0.4611979 0.6675926 0.025520833 0.072222225
2 0.45052084 0.68935186 0.019791666 0.039814815
2 0.45911458 0.69398147 0.025520833 0.039814815
4 0.5372396 0.6851852 0.050520834 0.03888889
1 0.5721354 0.7092593 0.016145833 0.05925926
1 0.5179688 0.69398147 0.0078125 0.032407407
2 0.875 0.70185184 0.025 0.046296295
2 0.92838544 0.7060185 0.0390625 0.05277778
