2 0.7739583 0.63148147 0.1125 0.072222225
2 0.7476562 0.61851853 0.11510417 0.085185185
0 0.6763021 0.60833335 0.008854167 0.05
1 0.6567708 0.6375 0.019791666 0.09537037
2 0.6664063 0.5837963 0.013020833 0.023148147
2 0.6309896 0.58518517 0.027604166 0.02037037
2 0.60625 0.587963 0.015625 0.024074074
2 0.5997396 0.59074074 0.013020833 0.022222223
3 0.58515626 0.58287036 0.0296875 0.06574074
4 0.5471354 0.5949074 0.069270834 0.1287037
3 0.49427083 0.57222223 0.039583333 0.05740741
3 0.40546876 0.57314813 0.011979166 0.027777778
2 0.38385418 0.6041667 0.045833334 0.049074072
3 0.28802082 0.5717593 0.046875 0.08240741
2 0.2653646 0.6212963 0.07447917 0.072222225
3 0.23229167 0.5939815 0.038541667 0.05277778
2 0.19088541 0.58981484 0.028645834 0.037037037
