2 0.19817708 0.5125 0.37760416 0.76574075
2 0.41015625 0.650463 0.08802083 0.14722222
1 0.5463542 0.6513889 0.032291666 0.11388889
1 0.53046876 0.64398146 0.031770833 0.11574074
1 0.62109375 0.6527778 0.043229166 0.17962962
1 0.60026044 0.6490741 0.055729166 0.11851852
1 0.6234375 0.6472222 0.052083332 0.11481482
1 0.6559896 0.65555555 0.0515625 0.1037037
0 0.70182294 0.6587963 0.028645834 0.12314815
1 0.8098958 0.66805553 0.077083334 0.12685186
1 0.79375 0.6703704 0.06979167 0.11851852
1 0.86354166 0.6726852 0.065625 0.11574074
