2 0.8825521 0.75972223 0.23489584 0.4787037
2 0.74140626 0.71666664 0.17864583 0.18703704
4 0.6276042 0.6078704 0.153125 0.2638889
2 0.55625 0.6773148 0.038541667 0.060185187
3 0.53984374 0.64166665 0.049479168 0.10185185
2 0.484375 0.6782407 0.07083333 0.13611111
2 0.47395834 0.6388889 0.040625 0.1
2 0.44244793 0.6560185 0.019270834 0.028703704
3 0.4143229 0.64398146 0.021354167 0.04537037
2 0.40859374 0.6564815 0.021354167 0.02962963
3 0.2765625 0.65787035 0.041666668 0.049074072
2 0.20989583 0.6662037 0.032291666 0.023148147
