1 0.09791667 0.68425924 0.19583334 0.30185184
2 0.10546875 0.65787035 0.20989583 0.15833333
3 0.2669271 0.6236111 0.19947916 0.13425925
2 0.1796875 0.63611114 0.125 0.11481482
0 0.40364584 0.625 0.025 0.05
2 0.40234375 0.6226852 0.031770833 0.047222223
2 0.44635418 0.6199074 0.030208332 0.047222223
3 0.41588542 0.6101852 0.030729167 0.05185185
2 0.4596354 0.6236111 0.019270834 0.037962962
2 0.4674479 0.6236111 0.018229166 0.032407407
2 0.5372396 0.6388889 0.10989583 0.075925924
2 0.5059896 0.6273148 0.0296875 0.06759259
2 0.6640625 0.66064817 0.1625 0.106481485
2 0.7367188 0.65416664 0.14114584 0.10277778
2 0.9716146 0.6689815 0.0546875 0.062037036
3 0.8833333 0.6199074 0.18854167 0.14722222
