2 0.108072914 0.6800926 0.096354164 0.11018518
2 0.178125 0.67638886 0.060416665 0.08796296
2 0.27265626 0.73796296 0.19739583 0.26296297
2 0.38463542 0.68472224 0.0828125 0.13240741
2 0.45729166 0.66851854 0.015625 0.024074074
1 0.46822917 0.6782407 0.017708333 0.08796296
2 0.48515624 0.67175925 0.0140625 0.023148147
1 0.49322918 0.66944444 0.014583333 0.06111111
4 0.5072917 0.65462965 0.039583333 0.085185185
2 0.5182292 0.6898148 0.057291668 0.096296296
2 0.54557294 0.6990741 0.07760417 0.12962963
2 0.60286456 0.7050926 0.14947917 0.22685185
2 0.7763021 0.78333336 0.31614584 0.35185185
2 0.93125 0.84907407 0.13333334 0.29814816
