2 0.016666668 0.7027778 0.033333335 0.075925924
2 0.12057292 0.6759259 0.049479168 0.04074074
2 0.18203124 0.6722222 0.036979165 0.044444446
2 0.21223958 0.6925926 0.058854166 0.085185185
2 0.26848957 0.64768517 0.0234375 0.03425926
2 0.29973957 0.650463 0.028645834 0.03425926
2 0.40703124 0.6611111 0.041145835 0.05185185
2 0.43385416 0.6412037 0.021875 0.032407407
2 0.4684896 0.6814815 0.0671875 0.11296296
4 0.5919271 0.61851853 0.12552084 0.09074074
2 0.49635416 0.6300926 0.015625 0.025
2 0.78802085 0.62083334 0.0625 0.03425926
2 0.9216146 0.6236111 0.061979167 0.04537037
2 0.9721354 0.6212963 0.055729166 0.04074074
2 0.9549479 0.6074074 0.0609375 0.042592593
2 0.8747396 0.60555553 0.0453125 0.031481482
2 0.32395834 0.6458333 0.021875 0.028703704
2 0.528125 0.6388889 0.026041666 0.037037037
2 0.89453125 0.6078704 0.0515625 0.032407407
