0 0.8908854 0.63703704 0.0421875 0.1537037
0 0.746875 0.6328704 0.023958333 0.10277778
0 0.6484375 0.62824076 0.015625 0.06574074
0 0.5726563 0.63148147 0.011979166 0.05925926
1 0.065104164 0.6296296 0.025 0.062962964
1 0.09296875 0.6287037 0.0203125 0.05185185
1 0.11302083 0.6240741 0.01875 0.053703703
2 0.3591146 0.6310185 0.044270832 0.05648148
2 0.38203126 0.62222224 0.027604166 0.044444446
2 0.42473957 0.6157407 0.018229166 0.031481482
2 0.40416667 0.61527777 0.014583333 0.021296296
2 0.4075521 0.6125 0.0140625 0.021296296
2 0.31848958 0.6162037 0.0171875 0.021296296
3 0.30104166 0.6134259 0.013541667 0.019444445
