3 0.21276042 0.45324075 0.096354164 0.08055556
3 0.4361979 0.42407408 0.3046875 0.15185185
2 0.48984376 0.6574074 0.12135417 0.06666667
2 0.70104164 0.6319444 0.05 0.03425926
2 0.81875 0.65555555 0.16666667 0.10555556
2 0.7135417 0.4324074 0.078125 0.05925926
2 0.35572916 0.65231484 0.12291667 0.08981481
2 0.39270833 0.6337963 0.015625 0.019444445
2 0.40234375 0.63148147 0.0140625 0.022222223
2 0.4216146 0.63148147 0.016145833 0.025925925
1 0.5390625 0.63055557 0.004166667 0.02037037
1 0.52213544 0.6287037 0.0046875 0.018518519
4 0.27838543 0.43611112 0.14947917 0.06666667
