0 0.01875 0.6990741 0.0375 0.13703704
0 0.09609375 0.67777777 0.021354167 0.07962963
0 0.10859375 0.6726852 0.018229166 0.08981481
1 0.203125 0.6675926 0.016666668 0.06851852
0 0.2815104 0.67638886 0.019270834 0.11203704
2 0.26145834 0.64166665 0.0375 0.046296295
2 0.3078125 0.6587963 0.055208333 0.06759259
0 0.07447917 0.6805556 0.014583333 0.074074075
0 0.41197917 0.7861111 0.08541667 0.27037036
0 0.44114584 0.69814813 0.075 0.3888889
0 0.54557294 0.78981483 0.09010417 0.28333333
0 0.625 0.74814814 0.10729167 0.37962964
0 0.69609374 0.73657405 0.09010417 0.30462962
2 0.6658854 0.6634259 0.0421875 0.05277778
1 0.77421874 0.6851852 0.055729166 0.12777779
0 0.8153646 0.6921296 0.028645834 0.20277777
0 0.8950521 0.73564816 0.0703125 0.2824074
0 0.9278646 0.77731484 0.041145835 0.22685185
0 0.9611979 0.7875 0.075520836 0.375
0 0.8463542 0.6861111 0.020833334 0.11296296
1 0.171875 0.66805553 0.030208332 0.06944445
2 0.44140625 0.69398147 0.36302084 0.26574075
