2 0.20338541 0.7962963 0.22239584 0.26666668
2 0.41510418 0.6796296 0.047916666 0.06481481
3 0.42552084 0.6273148 0.054166667 0.11388889
2 0.48046875 0.6513889 0.027604166 0.04537037
2 0.5200521 0.6513889 0.031770833 0.037962962
2 0.55104166 0.6412037 0.01875 0.023148147
2 0.5747396 0.6486111 0.024479168 0.039814815
3 0.60286456 0.6337963 0.022395832 0.043518517
2 0.6205729 0.6643519 0.0484375 0.06388889
2 0.75364584 0.6851852 0.10208333 0.1
2 0.7169271 0.662037 0.058854166 0.072222225
2 0.521875 0.82546294 0.234375 0.34537038
1 0.9533854 0.6388889 0.028645834 0.044444446
1 0.34375 0.6611111 0.011458334 0.035185184
