4 0.2625 0.6449074 0.225 0.2324074
0 0.40807292 0.67083335 0.011979166 0.05277778
0 0.43307292 0.675 0.009895833 0.048148148
0 0.47916666 0.6675926 0.0072916667 0.046296295
2 0.52473956 0.71018517 0.1078125 0.16111112
1 0.5755208 0.67175925 0.013541667 0.06574074
2 0.61927086 0.6736111 0.03125 0.049074072
0 0.6536458 0.6796296 0.0125 0.062962964
4 0.6539062 0.6365741 0.022395832 0.04537037
2 0.68333334 0.6773148 0.038541667 0.06759259
2 0.715625 0.6851852 0.06979167 0.07777778
0 0.7554687 0.6666667 0.016145833 0.06851852
0 0.7817708 0.66064817 0.0125 0.073148146
0 0.7893229 0.6726852 0.0109375 0.08796296
0 0.8052083 0.67175925 0.014583333 0.06759259
2 0.9768229 0.6490741 0.046354167 0.12037037
0 0.09453125 0.6875 0.016145833 0.08611111
