2 0.090625 0.75277776 0.18125 0.4
2 0.24244791 0.67407405 0.100520834 0.11111111
2 0.15390626 0.6828704 0.10989583 0.13425925
2 0.32526043 0.662037 0.06822917 0.07037037
1 0.39921874 0.6597222 0.0140625 0.06388889
2 0.3528646 0.66018516 0.0453125 0.06481481
2 0.49713543 0.6611111 0.041145835 0.06111111
2 0.44322917 0.6351852 0.030208332 0.027777778
2 0.92057294 0.74444443 0.15885417 0.25555557
2 0.70963544 0.68333334 0.1359375 0.1
2 0.6596354 0.67777777 0.10989583 0.072222225
2 0.6460937 0.66712964 0.09947917 0.08796296
