2 0.7013021 0.77962965 0.24947916 0.32592592
2 0.68880206 0.5962963 0.047395833 0.033333335
1 0.6684896 0.59814817 0.018229166 0.031481482
2 0.6460937 0.5861111 0.0140625 0.018518519
1 0.62109375 0.6050926 0.0171875 0.032407407
3 0.5679687 0.59675926 0.0953125 0.1675926
3 0.45390624 0.5587963 0.15364583 0.375
3 0.359375 0.5888889 0.022916667 0.033333335
1 0.33802083 0.5939815 0.011458334 0.028703704
2 0.29869792 0.6111111 0.0484375 0.06851852
2 0.25364584 0.6449074 0.090625 0.11018518
2 0.1921875 0.58981484 0.030208332 0.02962963
1 0.19583334 0.6263889 0.019791666 0.05462963
0 0.07369792 0.62222224 0.0140625 0.072222225
