1 0.6953125 0.61203706 0.032291666 0.11111111
1 0.67083335 0.6078704 0.027083334 0.097222224
1 0.63932294 0.599537 0.019270834 0.075
1 0.55 0.62685186 0.022916667 0.094444446
1 0.5080729 0.6226852 0.0234375 0.08796296
1 0.46197918 0.61203706 0.008333334 0.031481482
2 0.40520832 0.61851853 0.05 0.07777778
2 0.3752604 0.6078704 0.021354167 0.03425926
2 0.35677084 0.61388886 0.027083334 0.03888889
2 0.30052084 0.6041667 0.034375 0.05648148
2 0.3278646 0.6203704 0.041145835 0.05740741
2 0.25286457 0.63611114 0.100520834 0.12037037
1 0.111979164 0.6324074 0.030208332 0.11296296
1 0.04921875 0.6337963 0.0609375 0.18425927
1 0.026041666 0.63611114 0.051041666 0.15925926
