2 0.11328125 0.86388886 0.2265625 0.27222222
2 0.033333335 0.6652778 0.06666667 0.05462963
4 0.17916666 0.62777776 0.20208333 0.1388889
2 0.36822918 0.6273148 0.01875 0.026851851
2 0.40546876 0.6328704 0.08177083 0.05648148
2 0.44635418 0.8518519 0.20833333 0.29444444
2 0.5330729 0.64768517 0.11927083 0.06574074
2 0.6018229 0.6259259 0.09427083 0.05185185
2 0.7453125 0.60694444 0.048958335 0.036111113
2 0.8442708 0.6189815 0.11354167 0.06388889
2 0.8890625 0.5935185 0.05 0.037037037
0 0.97734374 0.6180556 0.0203125 0.073148146
2 0.34296876 0.62083334 0.013020833 0.023148147
2 0.98828125 0.59675926 0.0234375 0.050925925
