2 0.047135416 0.65092593 0.09427083 0.05185185
2 0.10729167 0.649537 0.07083333 0.047222223
2 0.14296874 0.6490741 0.071354166 0.044444446
2 0.20208333 0.65092593 0.05625 0.035185184
2 0.16927083 0.65185183 0.047916666 0.042592593
2 0.4372396 0.6490741 0.0203125 0.031481482
2 0.47161457 0.66064817 0.036979165 0.047222223
2 0.5023438 0.65231484 0.018229166 0.028703704
2 0.8901042 0.67777777 0.13958333 0.07037037
2 0.80546874 0.662963 0.058854166 0.053703703
0 0.9916667 0.67546296 0.015625 0.08611111
