2 0.100260414 0.66712964 0.09010417 0.07685185
4 0.25494793 0.63148147 0.1234375 0.08148148
2 0.32708332 0.63842595 0.038541667 0.03425926
2 0.3953125 0.63935184 0.048958335 0.028703704
4 0.37447917 0.62777776 0.03125 0.05
1 0.49661458 0.7592593 0.10989583 0.43148148
2 0.5171875 0.69074076 0.12291667 0.2037037
2 0.565625 0.65787035 0.04375 0.0712963
0 0.15807292 0.64398146 0.0109375 0.043518517
0 0.16927083 0.6513889 0.016666668 0.05277778
0 0.21588542 0.64398146 0.0109375 0.047222223
2 0.4221354 0.63472223 0.019270834 0.028703704
2 0.68828124 0.65462965 0.049479168 0.031481482
2 0.93098956 0.6574074 0.046354167 0.03888889
