1 0.79322916 0.6425926 0.096875 0.19074073
0 0.69322914 0.63148147 0.025 0.13333334
0 0.7263021 0.6175926 0.019270834 0.09259259
0 0.75651044 0.61851853 0.015104166 0.083333336
0 0.6643229 0.62083334 0.0140625 0.0787037
0 0.6802083 0.61435187 0.016666668 0.08796296
0 0.6283854 0.6078704 0.011979166 0.058333334
3 0.49479166 0.60694444 0.027083334 0.06759259
1 0.4734375 0.6189815 0.010416667 0.037962962
2 0.45677084 0.61435187 0.0125 0.021296296
2 0.4466146 0.6175926 0.0171875 0.02962963
2 0.43567708 0.6180556 0.021354167 0.032407407
2 0.42109376 0.61851853 0.025520833 0.03888889
2 0.37005207 0.64305556 0.0859375 0.11574074
2 0.2765625 0.6351852 0.078125 0.087037034
2 0.22708334 0.62546295 0.063541666 0.09351852
1 0.10703125 0.63611114 0.030729167 0.107407406
1 0.045052085 0.63842595 0.0328125 0.11574074
