1 0.12942709 0.68194443 0.0484375 0.13796297
3 0.30364582 0.6597222 0.104166664 0.13611111
2 0.3825521 0.6375 0.0609375 0.075
2 0.40208334 0.587963 0.028125 0.024074074
3 0.4205729 0.58842593 0.019270834 0.039814815
2 0.45885417 0.5949074 0.015625 0.025
2 0.4440104 0.60231483 0.022395832 0.032407407
3 0.50130206 0.599537 0.06302083 0.16203703
2 0.5421875 0.6018519 0.020833334 0.037037037
2 0.55338544 0.60925925 0.024479168 0.037037037
2 0.559375 0.61388886 0.022916667 0.03888889
2 0.56901044 0.6166667 0.027604166 0.046296295
2 0.58723956 0.6240741 0.0359375 0.053703703
3 0.6502604 0.6490741 0.10885417 0.15
