1 0.1546875 0.6703704 0.078125 0.14074074
0 0.16588542 0.7 0.08385417 0.2888889
2 0.28125 0.66851854 0.17291667 0.12222222
1 0.43307292 0.662037 0.025520833 0.05740741
1 0.5109375 0.662037 0.038541667 0.06666667
2 0.5364583 0.65694445 0.030208332 0.05462963
0 0.6880208 0.6689815 0.0125 0.037962962
0 0.7325521 0.66712964 0.0140625 0.047222223
0 0.75859374 0.662963 0.011979166 0.05740741
0 0.7828125 0.6574074 0.008333334 0.042592593
0 0.7908854 0.6597222 0.008854167 0.041666668
1 0.8734375 0.7282407 0.06979167 0.22685185
0 0.9606771 0.66805553 0.015104166 0.037962962
