2 0.39166668 0.649537 0.047916666 0.062037036
2 0.36822918 0.6513889 0.028125 0.041666668
2 0.43854168 0.6472222 0.025 0.031481482
2 0.45729166 0.6402778 0.015625 0.021296296
2 0.49036458 0.6699074 0.0703125 0.106481485
2 0.5375 0.6513889 0.03125 0.043518517
2 0.58020836 0.662963 0.075 0.10555556
1 0.6403646 0.6634259 0.0171875 0.06759259
1 0.6622396 0.6722222 0.019270834 0.07962963
1 0.6190104 0.6574074 0.008854167 0.042592593
1 0.68046874 0.6703704 0.0203125 0.10925926
1 0.7239583 0.6824074 0.028125 0.10185185
1 0.73802084 0.6824074 0.032291666 0.13148148
1 0.83203125 0.70092595 0.0640625 0.18518518
1 0.8830729 0.7050926 0.061979167 0.16944444
2 0.884375 0.68472224 0.108333334 0.097222224
0 0.9828125 0.67314816 0.026041666 0.13148148
