2 0.01953125 0.6300926 0.0390625 0.07685185
2 0.059114583 0.6351852 0.041145835 0.037037037
2 0.10208333 0.6324074 0.045833334 0.037037037
2 0.14010416 0.62453705 0.032291666 0.036111113
2 0.28307292 0.70185184 0.14010416 0.21481481
2 0.40833333 0.64398146 0.042708334 0.062037036
2 0.36328125 0.57361114 0.008854167 0.015740741
2 0.37916666 0.5611111 0.00625 0.014814815
1 0.47760418 0.61296296 0.011458334 0.035185184
2 0.67395836 0.6527778 0.07083333 0.08888889
2 0.72083336 0.68703705 0.104166664 0.13333334
