2 0.04921875 0.63935184 0.0984375 0.05277778
2 0.098958336 0.6328704 0.079166666 0.062037036
2 0.23307292 0.63796294 0.07447917 0.05740741
2 0.29296875 0.6467593 0.041145835 0.039814815
2 0.31927082 0.65324074 0.015625 0.025
2 0.34739584 0.64398146 0.027083334 0.04537037
3 0.5385417 0.6166667 0.114583336 0.10555556
2 0.6625 0.6402778 0.079166666 0.05277778
0 0.8677083 0.64444447 0.011458334 0.05
3 0.8921875 0.6212963 0.21458334 0.087037034
1 0.903125 0.64768517 0.041666668 0.07685185
5 0.9643229 0.67083335 0.071354166 0.18796296
2 0.3328125 0.65555555 0.013541667 0.022222223
