2 0.43385416 0.675 0.09166667 0.12222222
2 0.33802083 0.63935184 0.042708334 0.032407407
2 0.5054687 0.6342593 0.044270832 0.031481482
0 0.29921874 0.6398148 0.0078125 0.02962963
2 0.03359375 0.6634259 0.0671875 0.08240741
2 0.054427084 0.65185183 0.10885417 0.09259259
2 0.075520836 0.6527778 0.083333336 0.072222225
2 0.08515625 0.65231484 0.086979166 0.0787037
2 0.16041666 0.6490741 0.065625 0.05740741
2 0.18880208 0.6490741 0.065104164 0.053703703
2 0.1953125 0.649537 0.059375 0.05277778
2 0.13359375 0.6398148 0.047395833 0.046296295
