2 0.10494792 0.66851854 0.19947916 0.14814815
1 0.24010417 0.6550926 0.017708333 0.06759259
2 0.32630208 0.650463 0.0484375 0.049074072
2 0.41614583 0.6472222 0.025 0.02962963
2 0.465625 0.6560185 0.051041666 0.0712963
2 0.5466146 0.6666667 0.12135417 0.10555556
1 0.6453125 0.6865741 0.096875 0.17685185
2 0.6403646 0.65833336 0.06302083 0.07037037
2 0.7171875 0.66018516 0.061458334 0.06666667
1 0.9018229 0.66157407 0.0546875 0.08425926
0 0.9625 0.650463 0.014583333 0.06759259
2 0.6041667 0.650463 0.03125 0.047222223
