2 0.02734375 0.6027778 0.053645834 0.04074074
1 0.14296874 0.60694444 0.013020833 0.037962962
2 0.19765624 0.5962963 0.0359375 0.025925925
1 0.22265625 0.6009259 0.009895833 0.031481482
2 0.33098957 0.6087963 0.0421875 0.058333334
2 0.3546875 0.5939815 0.011458334 0.013888889
2 0.36328125 0.59768516 0.015104166 0.021296296
2 0.38177082 0.6018519 0.017708333 0.027777778
2 0.4015625 0.59675926 0.013541667 0.019444445
2 0.41145834 0.6 0.017708333 0.02037037
1 0.4515625 0.6018519 0.004166667 0.018518519
1 0.4640625 0.6111111 0.00625 0.027777778
1 0.46979168 0.6148148 0.00625 0.02962963
1 0.48828125 0.62777776 0.0109375 0.05185185
1 0.5434896 0.649537 0.016145833 0.06944445
1 0.5833333 0.67777777 0.032291666 0.12407407
