2 0.095052086 0.66805553 0.0828125 0.06759259
0 0.23046875 0.6796296 0.009895833 0.03888889
2 0.29114583 0.6851852 0.057291668 0.05740741
0 0.20260416 0.67777777 0.010416667 0.046296295
2 0.35338542 0.6953704 0.031770833 0.04074074
2 0.3671875 0.69074076 0.020833334 0.037037037
4 0.3981771 0.6805556 0.034895834 0.053703703
0 0.38463542 0.6888889 0.008854167 0.055555556
2 0.42395833 0.6967593 0.027083334 0.037962962
2 0.43567708 0.6925926 0.021354167 0.04074074
2 0.44453126 0.6925926 0.0171875 0.02962963
1 0.4596354 0.6953704 0.0265625 0.05185185
2 0.5002604 0.6967593 0.0171875 0.023148147
2 0.51770836 0.6962963 0.015625 0.025925925
0 0.56328124 0.70324075 0.0078125 0.047222223
0 0.60859376 0.7083333 0.0067708334 0.04074074
0 0.6390625 0.70694447 0.010416667 0.047222223
1 0.9635417 0.72314817 0.034375 0.062962964
