4 0.8875 0.5314815 0.21979167 0.9259259
0 0.75390625 0.66018516 0.011979166 0.048148148
2 0.68333334 0.6550926 0.017708333 0.026851851
2 0.6382812 0.6726852 0.0859375 0.119444445
2 0.5885417 0.65925926 0.042708334 0.05925926
4 0.5502604 0.6402778 0.033854168 0.06388889
2 0.5130208 0.6703704 0.053125 0.075925924
3 0.5072917 0.6365741 0.021875 0.04537037
2 0.2877604 0.6537037 0.050520834 0.046296295
2 0.20208333 0.65694445 0.06458333 0.037962962
2 0.119791664 0.66064817 0.10625 0.05462963
1 0.13072917 0.6722222 0.032291666 0.07777778
2 0.07421875 0.6550926 0.052604165 0.037962962
2 0.034635417 0.65462965 0.0578125 0.04074074
