3 0.34765625 0.6050926 0.07864583 0.11574074
2 0.39166668 0.6527778 0.035416666 0.042592593
2 0.421875 0.6462963 0.022916667 0.02962963
3 0.41328126 0.63148147 0.021354167 0.035185184
2 0.4544271 0.6199074 0.005729167 0.008333334
3 0.46510416 0.6111111 0.009375 0.02037037
2 0.48125 0.6324074 0.009375 0.011111111
4 0.48151043 0.6263889 0.0078125 0.023148147
2 0.49322918 0.63148147 0.00625 0.011111111
3 0.50625 0.62453705 0.011458334 0.028703704
3 0.5182292 0.6212963 0.010416667 0.025925925
4 0.52916664 0.6337963 0.014583333 0.026851851
