2 0.02265625 0.67175925 0.0296875 0.06944445
2 0.06953125 0.64305556 0.0203125 0.037962962
2 0.121875 0.6421296 0.025 0.03425926
2 0.1546875 0.62777776 0.01875 0.024074074
5 0.49739584 0.79212964 0.22291666 0.33796296
2 0.8645833 0.79305553 0.27083334 0.34537038
2 0.7661458 0.7259259 0.32083333 0.30925927
2 0.5083333 0.6837963 0.22291666 0.14907408
2 0.43567708 0.6625 0.12552084 0.10462963
2 0.41145834 0.65555555 0.125 0.08888889
0 0.553125 0.6199074 0.0125 0.05648148
0 0.5375 0.6166667 0.0125 0.055555556
2 0.33671874 0.63935184 0.056770835 0.058333334
