2 0.07473958 0.6962963 0.14947917 0.15
2 0.17526041 0.6805556 0.10572917 0.11481482
2 0.24010417 0.65833336 0.08958333 0.11111111
2 0.34869793 0.6587963 0.0390625 0.04537037
2 0.3669271 0.65185183 0.028645834 0.05185185
2 0.38098958 0.6564815 0.021354167 0.037037037
2 0.4143229 0.6490741 0.019270834 0.031481482
2 0.43828124 0.6481481 0.0140625 0.02037037
2 0.45494792 0.65 0.0140625 0.018518519
1 0.52552086 0.6634259 0.015625 0.062037036
2 0.5572917 0.65694445 0.028125 0.039814815
2 0.59947914 0.6726852 0.053125 0.06944445
2 0.6658854 0.66712964 0.0734375 0.117592596
2 0.70390624 0.69814813 0.084895834 0.11851852
2 0.7934896 0.7199074 0.14947917 0.1712963
2 0.91979164 0.75648147 0.16041666 0.31296295
