0 0.044270832 0.6412037 0.026041666 0.11018518
2 0.3265625 0.61435187 0.011458334 0.017592592
2 0.2859375 0.6166667 0.014583333 0.02037037
2 0.37135416 0.6087963 0.013541667 0.026851851
1 0.35572916 0.6111111 0.017708333 0.014814815
1 0.39375 0.62546295 0.013541667 0.05648148
1 0.38072917 0.6310185 0.035416666 0.08425926
2 0.43567708 0.62546295 0.0515625 0.07685185
0 0.74609375 0.6412037 0.033854168 0.15833333
0 0.7950521 0.63472223 0.030729167 0.10092592
0 0.77708334 0.6328704 0.022916667 0.10092592
0 0.7085937 0.65 0.031770833 0.14444445
