2 0.0375 0.64444447 0.06979167 0.042592593
2 0.10755208 0.6337963 0.055729166 0.04537037
2 0.12942709 0.63703704 0.0578125 0.035185184
2 0.15130208 0.6342593 0.0515625 0.037037037
2 0.19505209 0.64166665 0.053645834 0.03888889
2 0.24505208 0.6398148 0.058854166 0.035185184
2 0.265625 0.63935184 0.045833334 0.05277778
2 0.33098957 0.6597222 0.12447917 0.13611111
2 0.40859374 0.6388889 0.0546875 0.07777778
2 0.44973958 0.6351852 0.0390625 0.05
2 0.47135416 0.62824076 0.022916667 0.036111113
2 0.50625 0.6324074 0.0375 0.05925926
1 0.6643229 0.64166665 0.034895834 0.094444446
