2 0.12161458 0.7185185 0.1046875 0.11481482
2 0.14921875 0.662037 0.047395833 0.06481481
2 0.24036458 0.65833336 0.0328125 0.03888889
2 0.26041666 0.6472222 0.022916667 0.033333335
2 0.28541666 0.6300926 0.015625 0.025
2 0.30104166 0.62824076 0.011458334 0.017592592
1 0.3200521 0.6296296 0.008854167 0.02962963
2 0.67864585 0.67083335 0.15625 0.08981481
2 0.6276042 0.6611111 0.10520833 0.098148145
2 0.55260414 0.66157407 0.07395833 0.07685185
2 0.5229167 0.6550926 0.08125 0.06574074
2 0.49322918 0.64537036 0.052083332 0.055555556
5 0.45052084 0.68194443 0.040625 0.07685185
0 0.71302086 0.6375 0.015625 0.062037036
