2 0.29765624 0.6402778 0.0640625 0.0712963
2 0.33203125 0.64305556 0.043229166 0.05462963
5 0.37265626 0.6412037 0.031770833 0.06388889
1 0.4205729 0.6421296 0.015104166 0.05462963
2 0.39348957 0.6263889 0.0265625 0.049074072
2 0.44921875 0.6319444 0.031770833 0.049074072
2 0.46666667 0.6300926 0.025 0.030555556
2 0.47135416 0.6157407 0.022916667 0.046296295
1 0.51953125 0.6486111 0.022395832 0.08796296
2 0.5515625 0.62175924 0.01875 0.03425926
2 0.5864583 0.6462963 0.039583333 0.06111111
2 0.6588542 0.6675926 0.10625 0.12037037
2 0.80364585 0.6199074 0.125 0.08425926
2 0.93828124 0.63148147 0.1203125 0.11481482
2 0.4846354 0.6157407 0.015104166 0.02037037
