2 0.28411457 0.65324074 0.13697916 0.16944444
1 0.35572916 0.6287037 0.015625 0.06481481
2 0.4372396 0.68703705 0.13385417 0.18703704
1 0.51145834 0.6398148 0.0125 0.072222225
1 0.5289062 0.6587963 0.0296875 0.12314815
1 0.54895836 0.6773148 0.040625 0.18611111
1 0.56640625 0.67638886 0.025520833 0.16018519
0 0.5804688 0.64444447 0.016145833 0.10185185
1 0.15520833 0.6236111 0.046875 0.07685185
0 0.17135416 0.6175926 0.017708333 0.107407406
2 0.056770835 0.60925925 0.05 0.048148148
2 0.027604166 0.62083334 0.055208333 0.06944445
