2 0.044791665 0.6824074 0.077083334 0.06666667
2 0.07994792 0.68194443 0.053645834 0.062037036
2 0.11354167 0.6759259 0.07083333 0.05740741
2 0.14609376 0.67777777 0.044270832 0.048148148
2 0.17317708 0.6726852 0.047395833 0.049074072
2 0.17916666 0.7 0.077083334 0.075925924
2 0.20833333 0.6736111 0.039583333 0.039814815
2 0.22604166 0.6787037 0.033333335 0.035185184
2 0.24739583 0.675 0.040625 0.031481482
5 0.30572918 0.6824074 0.021875 0.05740741
2 0.32734376 0.6787037 0.028645834 0.031481482
2 0.3513021 0.67685187 0.019270834 0.024074074
1 0.38177082 0.67175925 0.00625 0.025
2 0.3971354 0.6703704 0.021354167 0.03888889
2 0.45234376 0.66944444 0.021354167 0.02962963
2 0.5096354 0.662037 0.024479168 0.022222223
2 0.47083333 0.6662037 0.013541667 0.017592592
2 0.48723957 0.6652778 0.015104166 0.015740741
