0 0.19375 0.67638886 0.014583333 0.075
1 0.2703125 0.68194443 0.028125 0.060185187
1 0.3671875 0.68935186 0.015625 0.050925925
1 0.46276042 0.7106481 0.053645834 0.10092592
2 0.48177084 0.6912037 0.025 0.036111113
1 0.49609375 0.69861114 0.030729167 0.050925925
2 0.5078125 0.6884259 0.019791666 0.047222223
1 0.9190104 0.73055553 0.0234375 0.046296295
1 0.9611979 0.7546296 0.069270834 0.098148145
2 0.8393229 0.7268519 0.1109375 0.09074074
1 0.7601563 0.7268519 0.065104164 0.1
1 0.6174479 0.7222222 0.0671875 0.12592593
2 0.60026044 0.7 0.050520834 0.048148148
2 0.56953126 0.68564814 0.0109375 0.015740741
2 0.56380206 0.6814815 0.009895833 0.014814815
2 0.55 0.6944444 0.023958333 0.035185184
