1 0.921875 0.7138889 0.052083332 0.14074074
2 0.84244794 0.7027778 0.071354166 0.05
2 0.8125 0.7092593 0.075 0.046296295
2 0.7921875 0.6990741 0.053125 0.042592593
2 0.7395833 0.7092593 0.075 0.05185185
1 0.6815104 0.71712965 0.0296875 0.08055556
2 0.65989584 0.70185184 0.055208333 0.04074074
5 0.5804688 0.7115741 0.0203125 0.05462963
1 0.5565104 0.71574074 0.0171875 0.05925926
2 0.5200521 0.72037035 0.0671875 0.085185185
2 0.47291666 0.70648146 0.029166667 0.046296295
2 0.41979167 0.725 0.096875 0.13703704
2 0.36015624 0.69953704 0.021354167 0.03425926
2 0.3453125 0.7013889 0.025 0.03425926
2 0.3125 0.7106481 0.053125 0.06759259
2 0.265625 0.70555556 0.0375 0.042592593
2 0.039583333 0.6953704 0.077083334 0.075925924
