0 0.9690104 0.6134259 0.0109375 0.073148146
0 0.9585937 0.6148148 0.011979166 0.06851852
1 0.91822916 0.63472223 0.04375 0.0712963
0 0.66197914 0.62453705 0.011458334 0.0712963
0 0.65703124 0.6199074 0.011979166 0.08240741
0 0.64479166 0.6226852 0.014583333 0.075
1 0.6325521 0.64305556 0.0296875 0.108333334
0 0.6226562 0.6125 0.013020833 0.06574074
1 0.55390626 0.6319444 0.034895834 0.058333334
2 0.4455729 0.6226852 0.016145833 0.026851851
4 0.48645833 0.61203706 0.019791666 0.03888889
2 0.4309896 0.6199074 0.0078125 0.013888889
2 0.42005208 0.6203704 0.013020833 0.024074074
2 0.40130207 0.61944443 0.009895833 0.018518519
2 0.41197917 0.61944443 0.0072916667 0.011111111
2 0.3830729 0.6203704 0.009895833 0.016666668
2 0.390625 0.62175924 0.013541667 0.017592592
2 0.36484376 0.62222224 0.016145833 0.024074074
3 0.34947917 0.6203704 0.029166667 0.046296295
2 0.25703126 0.6319444 0.040104166 0.043518517
4 0.12161458 0.50046295 0.24322917 0.5712963
