2 0.39557293 0.6925926 0.025520833 0.042592593
2 0.4388021 0.7060185 0.0609375 0.10277778
3 0.3765625 0.6722222 0.023958333 0.05185185
2 0.35364583 0.68703705 0.017708333 0.027777778
2 0.3361979 0.68333334 0.0234375 0.03888889
2 0.3200521 0.68425924 0.0203125 0.031481482
2 0.28515625 0.6865741 0.036979165 0.050925925
2 0.25963542 0.6865741 0.030729167 0.03425926
2 0.22604166 0.6898148 0.055208333 0.06111111
3 0.1296875 0.65324074 0.12604167 0.13425925
2 0.014322917 0.6773148 0.0265625 0.108333334
