2 0.14713542 0.6634259 0.14114584 0.12685186
2 0.33776042 0.6402778 0.0546875 0.062037036
2 0.38671875 0.6300926 0.024479168 0.036111113
2 0.4171875 0.6310185 0.027083334 0.036111113
4 0.4221354 0.6171296 0.0296875 0.047222223
2 0.44036457 0.6287037 0.019270834 0.025925925
2 0.44635418 0.62824076 0.016666668 0.023148147
2 0.45807293 0.6226852 0.0140625 0.025
3 0.48932293 0.62083334 0.0140625 0.026851851
2 0.5125 0.6300926 0.020833334 0.032407407
2 0.46588543 0.6236111 0.0140625 0.021296296
3 0.4455729 0.6111111 0.021354167 0.02962963
1 0.5864583 0.6365741 0.008333334 0.037962962
