2 0.18984374 0.65787035 0.0953125 0.08611111
2 0.26744792 0.64444447 0.059895832 0.072222225
4 0.29088542 0.63055557 0.080729164 0.05740741
2 0.36432293 0.6467593 0.0453125 0.05277778
0 0.43932292 0.6375 0.005729167 0.025
4 0.41979167 0.62685186 0.021875 0.044444446
0 0.41145834 0.63611114 0.00625 0.025925925
2 0.45208332 0.64074075 0.022916667 0.031481482
0 0.44453126 0.4699074 0.005729167 0.03425926
0 0.4700521 0.47314814 0.0078125 0.04074074
3 0.496875 0.6236111 0.032291666 0.075
2 0.49505207 0.61203706 0.027604166 0.048148148
2 0.52552086 0.6425926 0.016666668 0.033333335
2 0.53125 0.6435185 0.019791666 0.035185184
2 0.5414063 0.6449074 0.028645834 0.049074072
3 0.5757812 0.62546295 0.038020834 0.0787037
3 0.6510417 0.6226852 0.1125 0.06388889
0 0.6997396 0.6472222 0.0067708334 0.035185184
0 0.7481771 0.65092593 0.008854167 0.044444446
0 0.8354167 0.58518517 0.009375 0.046296295
0 0.8203125 0.59814817 0.009375 0.044444446
0 0.81380206 0.58194447 0.0109375 0.04537037
0 0.8333333 0.6537037 0.009375 0.05185185
0 0.84010416 0.65925926 0.0125 0.05925926
0 0.9096354 0.662037 0.0140625 0.072222225
0 0.9221354 0.6662037 0.016145833 0.08981481
0 0.9296875 0.67314816 0.016666668 0.08888889
0 0.94609374 0.67685187 0.016145833 0.08148148
0 0.96458334 0.67685187 0.016666668 0.09259259
0 0.97526044 0.67314816 0.018229166 0.10185185
0 0.99010414 0.6712963 0.01875 0.107407406
0 0.94140625 0.6611111 0.0140625 0.075925924
3 0.7924479 0.650463 0.08177083 0.06759259
