2 0.140625 0.62916666 0.045833334 0.037962962
2 0.26328126 0.6912037 0.1953125 0.20833333
2 0.33411458 0.6310185 0.0703125 0.08611111
2 0.39947918 0.6550926 0.075 0.11574074
2 0.48359376 0.7106481 0.14739583 0.22314815
0 0.59166664 0.650463 0.013541667 0.073148146
2 0.62369794 0.6490741 0.0265625 0.04074074
2 0.7263021 0.6537037 0.041145835 0.025925925
1 0.81041664 0.6773148 0.038541667 0.11388889
0 0.8575521 0.65787035 0.011979166 0.060185187
0 0.86848956 0.6587963 0.0140625 0.075
0 0.9375 0.66064817 0.011458334 0.06574074
