2 0.83020836 0.66157407 0.06458333 0.08796296
2 0.7046875 0.6611111 0.039583333 0.04074074
0 0.6703125 0.66157407 0.008333334 0.032407407
2 0.5453125 0.6662037 0.019791666 0.026851851
2 0.5200521 0.6652778 0.0234375 0.039814815
2 0.5044271 0.66018516 0.0140625 0.02962963
2 0.47838542 0.66481483 0.009895833 0.018518519
4 0.48177084 0.65787035 0.009375 0.026851851
1 0.41666666 0.68194443 0.061458334 0.097222224
1 0.36432293 0.67314816 0.0067708334 0.025925925
2 0.2966146 0.6662037 0.0296875 0.047222223
