0 0.99296874 0.6472222 0.011979166 0.06111111
0 0.98072916 0.6490741 0.010416667 0.05925926
1 0.9169271 0.6657407 0.016145833 0.072222225
2 0.8960937 0.6550926 0.0453125 0.032407407
2 0.8666667 0.65231484 0.015625 0.028703704
2 0.8513021 0.65787035 0.025520833 0.047222223
2 0.83385414 0.6643519 0.05 0.06388889
2 0.8052083 0.6537037 0.022916667 0.035185184
1 0.78984374 0.6662037 0.027604166 0.11018518
1 0.7325521 0.6564815 0.015104166 0.05
2 0.69401044 0.6449074 0.034895834 0.028703704
2 0.6713542 0.6421296 0.0375 0.03425926
2 0.6484375 0.63935184 0.048958335 0.043518517
2 0.62369794 0.6412037 0.053645834 0.043518517
2 0.6197917 0.64305556 0.052083332 0.041666668
0 0.6234375 0.6402778 0.011458334 0.05277778
0 0.6127604 0.63935184 0.0078125 0.047222223
2 0.5570313 0.64398146 0.0578125 0.05462963
2 0.44036457 0.63796294 0.0765625 0.062962964
2 0.42526042 0.6388889 0.0859375 0.06851852
0 0.41510418 0.64166665 0.019791666 0.087037034
2 0.35625 0.6351852 0.103125 0.075925924
2 0.3122396 0.6351852 0.10885417 0.07962963
1 0.31171876 0.63703704 0.041145835 0.11111111
0 0.28541666 0.6365741 0.023958333 0.125
2 0.23619792 0.6189815 0.12447917 0.11018518
2 0.15651041 0.62685186 0.118229166 0.1
0 0.13177083 0.5902778 0.014583333 0.08611111
0 0.06276042 0.62546295 0.0390625 0.13981481
2 0.072916664 0.6009259 0.14583333 0.15925926
1 0.025520833 0.6791667 0.051041666 0.24351852
