2 0.80260414 0.7777778 0.045833334 0.031481482
4 0.55859375 0.7425926 0.116145834 0.18703704
2 0.47473958 0.7513889 0.016145833 0.025
2 0.44635418 0.7546296 0.017708333 0.027777778
3 0.40416667 0.7324074 0.026041666 0.05185185
2 0.40807292 0.75046295 0.018229166 0.030555556
2 0.38541666 0.76296294 0.026041666 0.046296295
2 0.36979166 0.76064813 0.038541667 0.05648148
2 0.3434896 0.74814814 0.0265625 0.042592593
2 0.30625 0.76944447 0.083333336 0.11851852
2 0.21979167 0.77731484 0.14166667 0.16574074
4 0.090885416 0.70694447 0.18072917 0.24351852
2 0.075 0.81574076 0.14895834 0.3148148
