2 0.069010414 0.6953704 0.13697916 0.23333333
2 0.14322917 0.73935187 0.22916667 0.2212963
2 0.28541666 0.6976852 0.11145833 0.14351852
2 0.33177084 0.6888889 0.077083334 0.10185185
3 0.36640626 0.6564815 0.065104164 0.12592593
4 0.4171875 0.65092593 0.029166667 0.055555556
2 0.45598957 0.7 0.1015625 0.14814815
2 0.5101563 0.65925926 0.043229166 0.037037037
0 0.5893229 0.65324074 0.008854167 0.036111113
1 0.54817706 0.66064817 0.022395832 0.041666668
1 0.6744792 0.65555555 0.026041666 0.05185185
1 0.6674479 0.6657407 0.046354167 0.075925924
1 0.7138021 0.6657407 0.050520834 0.07962963
2 0.7515625 0.65185183 0.06875 0.05925926
0 0.8518229 0.6550926 0.0203125 0.14166667
1 0.78828126 0.65 0.033854168 0.06666667
0 0.809375 0.6375 0.0125 0.062037036
