2 0.21770833 0.66805553 0.104166664 0.06759259
2 0.36875 0.6722222 0.08020833 0.05740741
3 0.39583334 0.65925926 0.033333335 0.07037037
2 0.4466146 0.67314816 0.034895834 0.046296295
2 0.4328125 0.6736111 0.026041666 0.037962962
2 0.5200521 0.6689815 0.0546875 0.05462963
2 0.58463544 0.67685187 0.10572917 0.06666667
2 0.70520836 0.68564814 0.103125 0.050925925
2 0.84270835 0.6861111 0.090625 0.055555556
2 0.94661456 0.69027776 0.0859375 0.05277778
1 0.9427083 0.69861114 0.029166667 0.07685185
3 0.928125 0.65694445 0.14166667 0.11018518
1 0.66875 0.6782407 0.014583333 0.043518517
0 0.6635417 0.6782407 0.010416667 0.039814815
