4 0.14453125 0.62222224 0.13072917 0.15185185
0 0.07890625 0.65694445 0.016145833 0.08981481
2 0.221875 0.650463 0.029166667 0.037962962
1 0.30052084 0.6782407 0.036458332 0.13425925
2 0.29270834 0.6652778 0.054166667 0.08425926
2 0.24088542 0.650463 0.022395832 0.03425926
2 0.48072916 0.7060185 0.13645834 0.16388889
2 0.44739583 0.67638886 0.08958333 0.119444445
2 0.4138021 0.6722222 0.046354167 0.07037037
2 0.3981771 0.6689815 0.040104166 0.062037036
2 0.3903646 0.6657407 0.038020834 0.05185185
2 0.37708333 0.65925926 0.028125 0.03888889
2 0.33125 0.650463 0.013541667 0.017592592
0 0.703125 0.68472224 0.041666668 0.18796296
