0 0.42083332 0.7546296 0.067708336 0.31851852
0 0.3734375 0.7328704 0.0625 0.32685184
0 0.39453125 0.7138889 0.0421875 0.2888889
0 0.33880207 0.74814814 0.052604165 0.26296297
0 0.5289062 0.66712964 0.022395832 0.10092592
1 0.4684896 0.67175925 0.0421875 0.106481485
1 0.71510416 0.77962965 0.153125 0.4074074
2 0.6283854 0.65787035 0.034895834 0.058333334
2 0.6606771 0.66805553 0.038020834 0.058333334
2 0.6171875 0.66064817 0.029166667 0.049074072
2 0.8567708 0.7 0.28645834 0.23703703
0 0.2328125 0.7430556 0.045833334 0.2361111
0 0.26015624 0.7106481 0.059895832 0.225
0 0.23177083 0.69861114 0.029166667 0.20277777
0 0.20989583 0.71018517 0.0375 0.18333334
0 0.1578125 0.6944444 0.063541666 0.2962963
0 0.16328125 0.6921296 0.041145835 0.2212963
0 0.010677083 0.74444443 0.021354167 0.2574074
0 0.034635417 0.7277778 0.050520834 0.25555557
0 0.0703125 0.70787036 0.034375 0.22685185
0 0.07421875 0.72731483 0.027604166 0.16018519
0 0.08541667 0.70648146 0.03125 0.18148148
0 0.10520833 0.6884259 0.015625 0.0787037
0 0.111979164 0.67453706 0.014583333 0.10092592
0 0.178125 0.6726852 0.017708333 0.09351852
0 0.30260417 0.6837963 0.014583333 0.08055556
0 0.30885416 0.6782407 0.015625 0.0787037
2 0.31875 0.6662037 0.027083334 0.06388889
2 0.34583333 0.6587963 0.0375 0.08425926
0 0.290625 0.67314816 0.022916667 0.094444446
