2 0.12161458 0.6962963 0.122395836 0.075925924
1 0.19427083 0.6824074 0.019791666 0.06851852
2 0.27552083 0.7115741 0.18020834 0.22314815
2 0.34114584 0.6773148 0.033333335 0.04537037
2 0.37109375 0.67638886 0.021354167 0.030555556
2 0.3981771 0.6699074 0.021354167 0.03425926
2 0.384375 0.67777777 0.032291666 0.04074074
4 0.4138021 0.6587963 0.0296875 0.04537037
2 0.42447916 0.6861111 0.051041666 0.07037037
2 0.4921875 0.7185185 0.11666667 0.18333334
0 0.9166667 0.6837963 0.023958333 0.121296294
1 0.9351562 0.6773148 0.0296875 0.121296294
