2 0.9513021 0.68935186 0.09739583 0.16574074
2 0.8575521 0.7111111 0.18489583 0.15925926
2 0.7953125 0.64444447 0.08125 0.075925924
2 0.7361979 0.75046295 0.2046875 0.24166666
2 0.55677086 0.66157407 0.05 0.06388889
2 0.47057292 0.6351852 0.027604166 0.04074074
2 0.46041667 0.6273148 0.03125 0.037962962
2 0.4372396 0.62083334 0.030729167 0.03425926
2 0.21067709 0.67638886 0.0546875 0.060185187
1 0.06614583 0.6875 0.029166667 0.047222223
1 0.049739584 0.6865741 0.0234375 0.041666668
2 0.51354164 0.62546295 0.028125 0.03425926
2 0.5338542 0.6041667 0.019791666 0.032407407
2 0.66796875 0.65694445 0.0640625 0.08055556
2 0.6197917 0.6490741 0.051041666 0.062962964
2 0.57734376 0.63055557 0.038020834 0.05
1 0.7283854 0.61157405 0.0109375 0.03425926
2 0.8200521 0.587037 0.033854168 0.024074074
4 0.2859375 0.6111111 0.05625 0.048148148
2 0.37864584 0.6171296 0.017708333 0.023148147
2 0.3606771 0.61851853 0.021354167 0.027777778
5 0.22942708 0.62453705 0.0234375 0.032407407
1 0.13463542 0.63796294 0.008854167 0.02962963
2 0.55260414 0.6180556 0.027083334 0.036111113
2 0.5 0.61203706 0.014583333 0.027777778
