2 0.09375 0.6643519 0.15416667 0.1287037
2 0.08515625 0.7037037 0.11510417 0.1
0 0.09791667 0.69074076 0.027083334 0.11851852
0 0.11484375 0.6898148 0.0203125 0.11851852
0 0.12864584 0.6888889 0.023958333 0.11851852
0 0.14583333 0.6851852 0.017708333 0.11296296
2 0.21588542 0.6865741 0.09010417 0.075
2 0.25 0.6805556 0.045833334 0.048148148
2 0.3356771 0.66944444 0.047395833 0.031481482
2 0.37890625 0.6689815 0.0578125 0.03425926
2 0.41041666 0.6662037 0.039583333 0.030555556
2 0.45390624 0.70648146 0.0921875 0.1537037
2 0.56171876 0.775463 0.25677082 0.3638889
2 0.871875 0.65185183 0.071875 0.05185185
2 0.77135414 0.6550926 0.072916664 0.050925925
