2 0.8953125 0.5935185 0.08125 0.06111111
2 0.9710938 0.5939815 0.0578125 0.049074072
1 0.5622396 0.6134259 0.0203125 0.058333334
2 0.44166666 0.6236111 0.019791666 0.036111113
4 0.44140625 0.61064816 0.0171875 0.037962962
2 0.421875 0.6157407 0.008333334 0.018518519
2 0.41901043 0.6199074 0.009895833 0.021296296
2 0.41015625 0.62083334 0.0171875 0.026851851
2 0.38359374 0.6180556 0.043229166 0.060185187
2 0.35520834 0.62083334 0.026041666 0.037962962
2 0.2955729 0.65185183 0.10989583 0.1425926
2 0.17760417 0.6462963 0.11770833 0.11851852
4 0.06015625 0.59537035 0.1203125 0.18888889
2 0.21432291 0.61944443 0.043229166 0.055555556
