2 0.22265625 0.6898148 0.13489583 0.19259259
0 0.11380208 0.65092593 0.013020833 0.07037037
0 0.12994792 0.65 0.011979166 0.06481481
2 0.33203125 0.65925926 0.055729166 0.06111111
2 0.35625 0.65 0.034375 0.048148148
2 0.39739582 0.649537 0.029166667 0.037962962
2 0.378125 0.64305556 0.027083334 0.041666668
2 0.41328126 0.6481481 0.021354167 0.02962963
2 0.42604166 0.6462963 0.017708333 0.025925925
2 0.4609375 0.64537036 0.019791666 0.027777778
2 0.4830729 0.6490741 0.038020834 0.05740741
2 0.5309896 0.67407405 0.0671875 0.098148145
2 0.5570313 0.6560185 0.0421875 0.0787037
0 0.7085937 0.6703704 0.0234375 0.107407406
1 0.7872396 0.65555555 0.0140625 0.055555556
0 0.81119794 0.63842595 0.019270834 0.08055556
0 0.84765625 0.6449074 0.019270834 0.09351852
0 0.7523438 0.64074075 0.011979166 0.055555556
0 0.6453125 0.6319444 0.011458334 0.047222223
1 0.65494794 0.6513889 0.015104166 0.058333334
