2 0.10182292 0.6212963 0.20364584 0.1574074
2 0.40833333 0.67175925 0.171875 0.2898148
2 0.52473956 0.6310185 0.034895834 0.073148146
2 0.57604164 0.64444447 0.06875 0.048148148
1 0.6450521 0.64305556 0.016145833 0.05648148
2 0.6507813 0.6490741 0.080729164 0.044444446
1 0.7638021 0.67638886 0.044270832 0.13796297
1 0.8432292 0.724537 0.16979167 0.29722223
2 0.95208335 0.66851854 0.08229167 0.05740741
3 0.99296874 0.6527778 0.013020833 0.096296296
2 0.4763021 0.6296296 0.0484375 0.07962963
1 0.83463544 0.69953704 0.0734375 0.18425927
