1 0.06875 0.662037 0.030208332 0.12592593
1 0.19036458 0.6625 0.024479168 0.108333334
2 0.24583334 0.6273148 0.092708334 0.108333334
2 0.2721354 0.65185183 0.09322917 0.08888889
1 0.36197916 0.65416664 0.016666668 0.060185187
2 0.43567708 0.6574074 0.0546875 0.06851852
2 0.49322918 0.650463 0.022916667 0.032407407
2 0.50989586 0.6458333 0.016666668 0.026851851
2 0.5375 0.65925926 0.046875 0.07037037
1 0.615625 0.65324074 0.0125 0.04537037
1 0.73046875 0.6560185 0.018229166 0.08055556
0 0.76432294 0.65416664 0.018229166 0.06759259
0 0.8984375 0.6828704 0.032291666 0.16574074
