0 0.035677083 0.6675926 0.0203125 0.11851852
2 0.048697915 0.6560185 0.09427083 0.05462963
4 0.29427084 0.60925925 0.146875 0.2037037
2 0.8695313 0.7097222 0.2609375 0.3101852
2 0.6325521 0.65555555 0.075520836 0.107407406
2 0.5552083 0.6240741 0.030208332 0.06666667
2 0.5729167 0.64444447 0.03125 0.046296295
2 0.59453124 0.64444447 0.0421875 0.06851852
2 0.5367187 0.6467593 0.0390625 0.05648148
2 0.5078125 0.649537 0.044791665 0.06388889
2 0.48619792 0.6328704 0.013020833 0.019444445
2 0.46588543 0.63472223 0.0140625 0.025
3 0.43645832 0.6226852 0.023958333 0.05462963
2 0.425 0.6328704 0.011458334 0.019444445
1 0.40260416 0.6342593 0.004166667 0.02037037
