2 0.071614586 0.70416665 0.14322917 0.14722222
2 0.17369792 0.6962963 0.091145836 0.1
2 0.26380208 0.67083335 0.0703125 0.097222224
2 0.30651042 0.67777777 0.0359375 0.062962964
2 0.32734376 0.6791667 0.0296875 0.05277778
2 0.3440104 0.6791667 0.025520833 0.04537037
2 0.35651043 0.67777777 0.024479168 0.042592593
2 0.3674479 0.67083335 0.025520833 0.049074072
2 0.47552082 0.6736111 0.017708333 0.025
1 0.5033854 0.67685187 0.0078125 0.031481482
4 0.50572914 0.66481483 0.016666668 0.035185184
2 0.5578125 0.68472224 0.060416665 0.08796296
2 0.6302083 0.6958333 0.078125 0.08796296
0 0.7270833 0.6949074 0.014583333 0.0787037
0 0.74088544 0.6962963 0.015104166 0.08148148
2 0.9143229 0.71574074 0.17135416 0.10925926
