1 0.052083332 0.625 0.028125 0.10185185
1 0.22916667 0.62546295 0.016666668 0.060185187
2 0.28333333 0.6240741 0.077083334 0.098148145
3 0.3515625 0.59537035 0.060416665 0.12037037
2 0.37317708 0.6212963 0.06614583 0.11481482
2 0.41119793 0.60694444 0.0203125 0.047222223
3 0.44635418 0.57916665 0.046875 0.108333334
3 0.52265626 0.5837963 0.016145833 0.03425926
3 0.5492188 0.5888889 0.018229166 0.037037037
2 0.5651042 0.62083334 0.042708334 0.058333334
2 0.61927086 0.6365741 0.079166666 0.10092592
1 0.6976563 0.62546295 0.013020833 0.050925925
2 0.9059896 0.70694447 0.18697916 0.44166666
