0 0.2658854 0.8046296 0.1078125 0.3888889
0 0.5005208 0.84074074 0.18125 0.31851852
3 0.17890625 0.50046295 0.3578125 0.9990741
3 0.7716146 0.69814813 0.45572916 0.40555555
3 0.8046875 0.587963 0.38854167 0.4148148
1 0.47291666 0.57592595 0.008333334 0.02962963
1 0.4921875 0.5810185 0.016666668 0.03425926
1 0.41041666 0.5939815 0.013541667 0.05277778
2 0.4611979 0.57361114 0.021354167 0.023148147
2 0.5841146 0.6125 0.08802083 0.08055556
3 0.3424479 0.5509259 0.10885417 0.13148148
3 0.5778646 0.5888889 0.1203125 0.098148145
