1 0.0203125 0.6064815 0.040625 0.085185185
0 0.06588542 0.60694444 0.034895834 0.19537038
2 0.118489586 0.6189815 0.14947917 0.1287037
2 0.0765625 0.6171296 0.121875 0.09351852
2 0.25677082 0.61851853 0.08958333 0.07777778
3 0.36979166 0.58981484 0.11770833 0.17777778
2 0.44817707 0.6324074 0.0578125 0.06481481
2 0.4830729 0.6337963 0.043229166 0.05648148
2 0.5239583 0.6300926 0.032291666 0.039814815
2 0.5523437 0.62546295 0.0328125 0.036111113
2 0.5825521 0.63055557 0.030729167 0.031481482
2 0.6010417 0.6310185 0.023958333 0.025
1 0.709375 0.66481483 0.023958333 0.10555556
1 0.7260417 0.67083335 0.041666668 0.12314815
1 0.765625 0.66064817 0.025 0.06944445
1 0.7835938 0.66805553 0.027604166 0.119444445
1 0.85026044 0.67777777 0.030729167 0.10555556
1 0.9554688 0.69027776 0.069270834 0.14907408
1 0.96302086 0.73935187 0.072916664 0.325
