2 0.1296875 0.7847222 0.259375 0.4287037
2 0.403125 0.86388886 0.390625 0.27222222
3 0.28984374 0.64305556 0.25677082 0.18240741
1 0.80104166 0.83055556 0.108333334 0.3074074
3 0.24375 0.57361114 0.14791666 0.21388888
1 0.49895832 0.62824076 0.01875 0.0712963
2 0.66875 0.662037 0.16875 0.1037037
1 0.74140626 0.70694447 0.061979167 0.16203703
1 0.79375 0.7407407 0.065625 0.2
1 0.8489583 0.7384259 0.05625 0.18611111
2 0.87291664 0.50324076 0.15625 0.08055556
3 0.896875 0.5800926 0.20625 0.2361111
3 0.38359374 0.5796296 0.044270832 0.10185185
4 0.40338543 0.59074074 0.027604166 0.06666667
3 0.4453125 0.58935183 0.017708333 0.05648148
1 0.48072916 0.6157407 0.013541667 0.05
2 0.96302086 0.59583336 0.071875 0.06759259
