1 0.9252604 0.74953705 0.019270834 0.041666668
2 0.8091146 0.7476852 0.0734375 0.0712963
1 0.7778646 0.7893519 0.050520834 0.16018519
1 0.72864586 0.80833334 0.108333334 0.25925925
2 0.6325521 0.76203704 0.12135417 0.074074075
1 0.46875 0.73564816 0.008333334 0.032407407
1 0.41614583 0.7291667 0.00625 0.026851851
3 0.3815104 0.71666664 0.016145833 0.03888889
3 0.36536458 0.71944445 0.0140625 0.024074074
2 0.28307292 0.7236111 0.069270834 0.06944445
3 0.25494793 0.70185184 0.055729166 0.096296296
2 0.20598958 0.7277778 0.0359375 0.042592593
3 0.058333334 0.67175925 0.11666667 0.29722223
3 0.2893229 0.70046294 0.047395833 0.0787037
