1 0.9369792 0.7546296 0.072916664 0.20185184
1 0.5346354 0.69166666 0.0390625 0.062962964
2 0.43671876 0.67638886 0.0296875 0.05648148
2 0.46380207 0.7083333 0.0671875 0.10185185
2 0.37786457 0.65555555 0.0171875 0.016666668
2 0.39375 0.66712964 0.025 0.036111113
2 0.34791666 0.6449074 0.025 0.032407407
2 0.35755208 0.65416664 0.019270834 0.023148147
3 0.30703124 0.6462963 0.034895834 0.072222225
2 0.2736979 0.65185183 0.016145833 0.024074074
0 0.24401042 0.650463 0.0067708334 0.039814815
1 0.23515625 0.6527778 0.0067708334 0.037037037
0 0.22734375 0.65185183 0.0067708334 0.037037037
0 0.057291668 0.65787035 0.010416667 0.043518517
