1 0.21432291 0.6643519 0.0109375 0.047222223
2 0.54609376 0.6560185 0.025520833 0.041666668
2 0.5052083 0.65462965 0.015625 0.024074074
2 0.5096354 0.65 0.013020833 0.025925925
3 0.4700521 0.6328704 0.0296875 0.0712963
4 0.44270834 0.6337963 0.044791665 0.08981481
2 0.41119793 0.65555555 0.0203125 0.037037037
2 0.3984375 0.6597222 0.019791666 0.03425926
3 0.4153646 0.63148147 0.021354167 0.042592593
2 0.37786457 0.65324074 0.0328125 0.050925925
3 0.35572916 0.6458333 0.0375 0.06388889
2 0.60052085 0.662963 0.06666667 0.046296295
