2 0.11666667 0.7347222 0.23333333 0.36574075
2 0.21536459 0.6662037 0.052604165 0.06388889
2 0.48958334 0.6550926 0.0375 0.05648148
2 0.44322917 0.6328704 0.0125 0.023148147
2 0.38828126 0.6425926 0.019270834 0.025925925
2 0.37291667 0.6449074 0.021875 0.036111113
1 0.38098958 0.6574074 0.028645834 0.053703703
0 0.26822916 0.66851854 0.013541667 0.05740741
0 0.25286457 0.6597222 0.011979166 0.060185187
0 0.28333333 0.66064817 0.013541667 0.0712963
0 0.30234376 0.6560185 0.009895833 0.05277778
2 0.5677083 0.6513889 0.022916667 0.030555556
2 0.55390626 0.64398146 0.0203125 0.032407407
1 0.5919271 0.65787035 0.015104166 0.05462963
3 0.6828125 0.63935184 0.10208333 0.08425926
0 0.8263021 0.6625 0.013020833 0.06388889
2 0.78828126 0.6564815 0.07864583 0.05740741
0 0.95520836 0.6824074 0.016666668 0.074074075
0 0.90625 0.6597222 0.009375 0.047222223
0 0.88411456 0.65925926 0.009895833 0.046296295
