2 0.83489585 0.70648146 0.0625 0.07037037
2 0.7760417 0.7050926 0.057291668 0.043518517
2 0.6828125 0.7083333 0.10625 0.05925926
3 0.68619794 0.6662037 0.1796875 0.11388889
2 0.5492188 0.69305557 0.061979167 0.05277778
3 0.57161456 0.6597222 0.1265625 0.11388889
3 0.44947916 0.6805556 0.015625 0.031481482
2 0.41692707 0.6898148 0.0171875 0.02962963
2 0.40026042 0.6837963 0.008854167 0.017592592
2 0.38177082 0.68564814 0.020833334 0.032407407
2 0.32526043 0.6814815 0.09947917 0.07777778
2 0.30859375 0.66805553 0.08385417 0.07685185
2 0.19713542 0.67685187 0.06302083 0.044444446
2 0.12890625 0.67083335 0.10572917 0.058333334
2 0.075 0.662963 0.063541666 0.05185185
2 0.042708334 0.66064817 0.08125 0.058333334
