2 0.0375 0.7199074 0.075 0.15833333
2 0.13177083 0.6962963 0.1375 0.1425926
2 0.29973957 0.68935186 0.055729166 0.06759259
2 0.3434896 0.6791667 0.038020834 0.05277778
2 0.3736979 0.6759259 0.0328125 0.046296295
0 0.37213543 0.6759259 0.011979166 0.046296295
1 0.40052083 0.67407405 0.009375 0.035185184
2 0.42552084 0.6703704 0.014583333 0.022222223
0 0.46015626 0.6805556 0.016145833 0.06481481
2 0.4375 0.6699074 0.013541667 0.023148147
2 0.44947916 0.6689815 0.011458334 0.021296296
0 0.596875 0.6805556 0.0125 0.06111111
0 0.56328124 0.6888889 0.008854167 0.062962964
0 0.50911456 0.675 0.008854167 0.048148148
2 0.5778646 0.6851852 0.0359375 0.062962964
2 0.865625 0.76805556 0.25833333 0.3675926
2 0.7369792 0.7361111 0.13645834 0.16111112
2 0.64713544 0.71435183 0.0828125 0.11018518
0 0.5492188 0.6912037 0.0109375 0.047222223
