2 0.04375 0.6412037 0.0875 0.16203703
2 0.23333333 0.6689815 0.11354167 0.119444445
2 0.3046875 0.6652778 0.035416666 0.037962962
3 0.37317708 0.6449074 0.0390625 0.073148146
3 0.3971354 0.662037 0.013020833 0.018518519
2 0.41197917 0.6560185 0.014583333 0.023148147
2 0.42265624 0.65833336 0.015104166 0.022222223
2 0.4919271 0.70555556 0.096354164 0.14074074
3 0.4856771 0.6402778 0.0484375 0.10277778
3 0.58229166 0.66805553 0.08125 0.119444445
3 0.9296875 0.55277777 0.1375 0.89074075
0 0.675 0.662037 0.0052083335 0.035185184
