2 0.559375 0.72314817 0.04375 0.075925924
2 0.53046876 0.71805555 0.027604166 0.03425926
2 0.47265625 0.7351852 0.07447917 0.10185185
2 0.42682293 0.7106481 0.0234375 0.028703704
3 0.41614583 0.6888889 0.029166667 0.05925926
2 0.39244792 0.7138889 0.0328125 0.03888889
2 0.38671875 0.69953704 0.028645834 0.049074072
2 0.35338542 0.69861114 0.038020834 0.05462963
2 0.34453124 0.7175926 0.0515625 0.05925926
2 0.32421875 0.712963 0.027604166 0.04074074
2 0.27161458 0.70555556 0.044270832 0.06666667
2 0.22265625 0.7263889 0.10364583 0.10462963
3 0.05703125 0.6310185 0.1109375 0.24537037
