1 0.013802083 0.6787037 0.027604166 0.09074074
2 0.110416666 0.69398147 0.16354166 0.14907408
0 0.1875 0.65462965 0.0125 0.074074075
1 0.33072916 0.6449074 0.011458334 0.03425926
1 0.31744793 0.6481481 0.008854167 0.031481482
0 0.275 0.6458333 0.0052083335 0.025
2 0.6979167 0.6773148 0.140625 0.175
2 0.5859375 0.6513889 0.055208333 0.08425926
2 0.5393229 0.6259259 0.0265625 0.05925926
2 0.55390626 0.64305556 0.0234375 0.036111113
2 0.5630208 0.6462963 0.028125 0.048148148
2 0.51953125 0.64305556 0.030729167 0.04537037
2 0.49583334 0.64537036 0.034375 0.05
2 0.46302083 0.6328704 0.013541667 0.021296296
2 0.42890626 0.6300926 0.009895833 0.019444445
3 0.4388021 0.6240741 0.019270834 0.044444446
4 0.38463542 0.62083334 0.056770835 0.097222224
