2 0.3765625 0.64305556 0.023958333 0.037962962
2 0.42786458 0.6402778 0.016145833 0.021296296
4 0.43854168 0.6296296 0.021875 0.02037037
4 0.46796876 0.6287037 0.036979165 0.087037034
1 0.4934896 0.6449074 0.0078125 0.026851851
0 0.5257813 0.65185183 0.0109375 0.046296295
1 0.5072917 0.6467593 0.010416667 0.039814815
2 0.946875 0.79675925 0.10625 0.26759258
2 0.7317708 0.6921296 0.15208334 0.18796296
2 0.6609375 0.6791667 0.08645833 0.12314815
2 0.62708336 0.67453706 0.060416665 0.08425926
2 0.57942706 0.6638889 0.043229166 0.055555556
2 0.5630208 0.66018516 0.027083334 0.048148148
2 0.5494792 0.65185183 0.035416666 0.048148148
