2 0.253125 0.6925926 0.08645833 0.09074074
0 0.14609376 0.6814815 0.011979166 0.055555556
0 0.16458334 0.68101853 0.00625 0.050925925
0 0.21171875 0.6796296 0.0067708334 0.03888889
2 0.31822917 0.6773148 0.047916666 0.032407407
2 0.3424479 0.68101853 0.0515625 0.06388889
2 0.37604168 0.662037 0.0375 0.05
2 0.39479166 0.66851854 0.019791666 0.02962963
3 0.4296875 0.62777776 0.061458334 0.14814815
2 0.48828125 0.66481483 0.0265625 0.02962963
2 0.50416666 0.66018516 0.011458334 0.016666668
0 0.5210937 0.6662037 0.024479168 0.036111113
0 0.51953125 0.66481483 0.0078125 0.044444446
1 0.54765624 0.6662037 0.0203125 0.043518517
1 0.5359375 0.66481483 0.008333334 0.042592593
1 0.58125 0.66064817 0.009375 0.03425926
1 0.59765625 0.66018516 0.009895833 0.035185184
1 0.6041667 0.6564815 0.0072916667 0.035185184
1 0.62578124 0.65833336 0.011979166 0.03888889
2 0.65 0.65231484 0.035416666 0.032407407
2 0.6643229 0.6564815 0.047395833 0.03888889
2 0.6802083 0.6587963 0.058333334 0.043518517
2 0.72864586 0.6560185 0.063541666 0.073148146
0 0.740625 0.6652778 0.01875 0.08055556
0 0.7679688 0.6634259 0.015104166 0.08425926
1 0.82604164 0.6513889 0.01875 0.039814815
0 0.78255206 0.66944444 0.013020833 0.07037037
