2 0.1859375 0.7162037 0.23854166 0.22685185
1 0.09427083 0.68194443 0.04375 0.11203704
2 0.27604166 0.66018516 0.079166666 0.11111111
2 0.36640626 0.6587963 0.052604165 0.058333334
2 0.43385416 0.65324074 0.044791665 0.06574074
2 0.46302083 0.65092593 0.019791666 0.035185184
2 0.5161458 0.6587963 0.035416666 0.05462963
4 0.5229167 0.64398146 0.032291666 0.05648148
2 0.6375 0.6796296 0.08958333 0.11851852
2 0.57604164 0.65925926 0.033333335 0.044444446
2 0.55078125 0.6527778 0.0234375 0.025925925
2 0.91197914 0.6611111 0.07604167 0.06111111
1 0.7671875 0.6564815 0.014583333 0.05740741
1 0.73072916 0.6574074 0.014583333 0.048148148
2 0.5914062 0.33472222 0.031770833 0.058333334
