0 0.07447917 0.61157405 0.025 0.09907407
0 0.098697916 0.6111111 0.0203125 0.1
0 0.23098959 0.6263889 0.011979166 0.06574074
0 0.24270834 0.6287037 0.011458334 0.06666667
0 0.24895833 0.62916666 0.009375 0.06388889
0 0.28515625 0.6402778 0.011979166 0.06388889
0 0.2625 0.6324074 0.0125 0.05740741
0 0.27265626 0.6342593 0.011979166 0.06111111
2 0.45208332 0.65 0.071875 0.12037037
2 0.49895832 0.6652778 0.023958333 0.036111113
2 0.5414063 0.6597222 0.0515625 0.073148146
1 0.6153646 0.6666667 0.018229166 0.06666667
1 0.75364584 0.6953704 0.059375 0.16296296
0 0.76979166 0.66944444 0.019791666 0.107407406
4 0.49635416 0.65833336 0.027083334 0.046296295
2 0.4138021 0.6634259 0.015104166 0.023148147
1 0.38958332 0.662037 0.009375 0.024074074
