3 0.17213541 0.5523148 0.34427083 0.17314816
0 0.27734375 0.599537 0.019270834 0.08796296
2 0.3546875 0.60694444 0.044791665 0.041666668
2 0.42083332 0.60925925 0.123958334 0.07777778
3 0.44322917 0.5856481 0.055208333 0.09537037
1 0.41223958 0.6328704 0.09322917 0.16018519
2 0.48541668 0.60555553 0.0375 0.04074074
2 0.50911456 0.6041667 0.025520833 0.03425926
2 0.5208333 0.6009259 0.019791666 0.031481482
2 0.5315104 0.5986111 0.0171875 0.026851851
2 0.5492188 0.59907407 0.019270834 0.025925925
2 0.6174479 0.6032407 0.018229166 0.025
1 0.63151044 0.6009259 0.0078125 0.031481482
2 0.7367188 0.6050926 0.13177083 0.08611111
1 0.74609375 0.66851854 0.07760417 0.20925926
1 0.8513021 0.6712963 0.08385417 0.23888889
1 0.9184896 0.662037 0.061979167 0.27222222
2 0.9638021 0.6171296 0.071354166 0.075
