1 0.8609375 0.71342593 0.045833334 0.08425926
1 0.7794271 0.72175926 0.06822917 0.10277778
1 0.6372396 0.7740741 0.1328125 0.3148148
1 0.55885416 0.7037037 0.014583333 0.05185185
1 0.5471354 0.7050926 0.0140625 0.05462963
5 0.5338542 0.6949074 0.010416667 0.037962962
1 0.5208333 0.70416665 0.023958333 0.062037036
2 0.46588543 0.6796296 0.0078125 0.0129629625
2 0.4450521 0.69814813 0.040104166 0.05
1 0.40260416 0.70416665 0.044791665 0.06759259
1 0.25703126 0.70185184 0.0390625 0.07037037
1 0.22057292 0.6912037 0.0140625 0.05462963
1 0.20260416 0.6925926 0.014583333 0.044444446
2 0.121875 0.7023148 0.12708333 0.08055556
