2 0.96302086 0.71666664 0.072916664 0.094444446
0 0.7247396 0.65787035 0.009895833 0.04537037
2 0.58958334 0.68935186 0.18125 0.14351852
2 0.48723957 0.6337963 0.0078125 0.012037037
3 0.41979167 0.6300926 0.023958333 0.05648148
2 0.4075521 0.6472222 0.0234375 0.037037037
1 0.4049479 0.6490741 0.011979166 0.046296295
2 0.38489583 0.65231484 0.034375 0.043518517
0 0.3825521 0.6527778 0.019270834 0.055555556
2 0.35625 0.6458333 0.025 0.043518517
2 0.3375 0.65185183 0.0375 0.042592593
2 0.30208334 0.6458333 0.035416666 0.049074072
2 0.2809896 0.65185183 0.041145835 0.042592593
2 0.22239584 0.65092593 0.046875 0.044444446
0 0.1828125 0.65185183 0.013541667 0.055555556
2 0.077083334 0.6722222 0.15208334 0.24259259
