2 0.055989582 0.6662037 0.111979164 0.13055556
2 0.17083333 0.67546296 0.2125 0.23796296
2 0.32578126 0.65694445 0.08385417 0.108333334
2 0.36145833 0.6134259 0.054166667 0.108333334
2 0.3971354 0.62175924 0.030729167 0.043518517
2 0.41223958 0.6087963 0.0234375 0.039814815
2 0.27447918 0.6319444 0.040625 0.05277778
1 0.4684896 0.6087963 0.0078125 0.032407407
1 0.5236979 0.65925926 0.0390625 0.14444445
2 0.5216146 0.6171296 0.0359375 0.05462963
2 0.8364583 0.73194444 0.296875 0.31574073
2 0.29505208 0.62314814 0.033854168 0.046296295
