0 0.028125 0.6458333 0.014583333 0.062037036
3 0.19765624 0.59814817 0.0921875 0.15555556
2 0.34791666 0.625 0.029166667 0.05
2 0.38098958 0.61527777 0.06302083 0.12685186
2 0.45104167 0.62314814 0.040625 0.072222225
0 0.47578126 0.63055557 0.016145833 0.06111111
1 0.6 0.6365741 0.016666668 0.05462963
0 0.7890625 0.64398146 0.015625 0.073148146
0 0.8130208 0.63935184 0.01875 0.08981481
0 0.83020836 0.6435185 0.017708333 0.096296296
0 0.85286456 0.6351852 0.022395832 0.098148145
0 0.9393229 0.65092593 0.019270834 0.11111111
0 0.9653646 0.65787035 0.016145833 0.09351852
