2 0.06015625 0.5777778 0.1203125 0.09259259
2 0.13177083 0.5625 0.092708334 0.060185187
2 0.1734375 0.56666666 0.0625 0.05
0 0.21145834 0.6078704 0.058333334 0.175
2 0.22708334 0.5740741 0.040625 0.031481482
0 0.23828125 0.57685184 0.0109375 0.042592593
2 0.39479166 0.7407407 0.40520832 0.5185185
0 0.62083334 0.64398146 0.0375 0.23425926
0 0.6059896 0.6203704 0.0515625 0.15185185
1 0.6390625 0.6175926 0.065625 0.12592593
4 0.7455729 0.5625 0.30260417 0.16944444
1 0.81145835 0.7060185 0.08125 0.3287037
2 0.9174479 0.6180556 0.15052083 0.09166667
2 0.9770833 0.6134259 0.045833334 0.073148146
3 0.59010416 0.537037 0.39791667 0.17222223
