5 0.16927083 0.6467593 0.053125 0.06388889
1 0.234375 0.6421296 0.01875 0.049074072
1 0.40833333 0.6337963 0.010416667 0.043518517
2 0.43932292 0.6300926 0.0171875 0.026851851
2 0.4455729 0.6263889 0.015104166 0.028703704
1 0.340625 0.63055557 0.010416667 0.031481482
2 0.3190104 0.6337963 0.047395833 0.028703704
2 0.090885416 0.64074075 0.11302083 0.08148148
2 0.031510416 0.65324074 0.06302083 0.0712963
2 0.47838542 0.62777776 0.0140625 0.02037037
2 0.50989586 0.6328704 0.03125 0.047222223
2 0.49557292 0.63796294 0.043229166 0.05740741
2 0.603125 0.6449074 0.058333334 0.07685185
1 0.67604166 0.6310185 0.01875 0.047222223
2 0.6901042 0.62546295 0.051041666 0.03425926
2 0.5346354 0.62453705 0.015104166 0.012037037
