0 0.27838543 0.60833335 0.018229166 0.096296296
2 0.38072917 0.65231484 0.13333334 0.175
2 0.4700521 0.6078704 0.019270834 0.019444445
0 0.48229167 0.61388886 0.008333334 0.033333335
2 0.49479166 0.60694444 0.011458334 0.021296296
1 0.5174479 0.6259259 0.013020833 0.053703703
1 0.5078125 0.6175926 0.011458334 0.03888889
2 0.53125 0.61527777 0.020833334 0.032407407
2 0.55104166 0.6263889 0.032291666 0.047222223
2 0.56875 0.6287037 0.042708334 0.055555556
0 0.6177083 0.7199074 0.11770833 0.5472222
2 0.7054688 0.69074076 0.13385417 0.18518518
2 0.8109375 0.724537 0.31770834 0.28611112
0 0.8130208 0.73796296 0.110416666 0.43148148
0 0.9247396 0.6699074 0.034895834 0.16574074
2 0.9263021 0.8162037 0.1453125 0.3675926
