2 0.14817709 0.6736111 0.0765625 0.05648148
1 0.20651041 0.6782407 0.016145833 0.049074072
2 0.3125 0.6921296 0.05 0.043518517
2 0.35546875 0.6921296 0.0328125 0.04537037
2 0.37135416 0.69166666 0.022916667 0.04074074
1 0.38984376 0.6888889 0.0234375 0.05740741
4 0.39479166 0.68101853 0.03125 0.05277778
2 0.4221354 0.6962963 0.0234375 0.037037037
2 0.43567708 0.69166666 0.021354167 0.037037037
2 0.44453126 0.6925926 0.0140625 0.02962963
4 0.45052084 0.6865741 0.019791666 0.036111113
2 0.46484375 0.69027776 0.013020833 0.023148147
0 0.4765625 0.69814813 0.0072916667 0.046296295
0 0.48072916 0.69953704 0.008333334 0.047222223
2 0.49505207 0.6944444 0.0140625 0.02037037
2 0.5132812 0.6953704 0.015104166 0.022222223
2 0.69609374 0.71435183 0.11302083 0.073148146
1 0.80833334 0.7189815 0.036458332 0.06388889
