0 0.31927082 0.6861111 0.011458334 0.05
2 0.425 0.6837963 0.025 0.03425926
2 0.46354166 0.6791667 0.01875 0.025
2 0.50130206 0.67777777 0.009895833 0.018518519
2 0.49140626 0.6787037 0.009895833 0.016666668
2 0.5231771 0.6787037 0.015104166 0.018518519
2 0.5335938 0.6782407 0.013020833 0.017592592
2 0.54895836 0.6773148 0.01875 0.023148147
1 0.55052084 0.67777777 0.008333334 0.037037037
2 0.5627604 0.67638886 0.0109375 0.017592592
2 0.571875 0.67638886 0.011458334 0.017592592
2 0.59010416 0.67685187 0.01875 0.031481482
2 0.67265624 0.67083335 0.044270832 0.039814815
2 0.64921874 0.6851852 0.0421875 0.05185185
2 0.9088542 0.6662037 0.09375 0.08425926
2 0.9559896 0.6657407 0.0859375 0.08888889
2 0.96171874 0.6722222 0.075520836 0.083333336
