3 0.09609375 0.5824074 0.1921875 0.10925926
2 0.3515625 0.64768517 0.14375 0.175
2 0.8229167 0.61296296 0.04375 0.04074074
2 0.7888021 0.6125 0.0359375 0.032407407
2 0.7559896 0.60833335 0.033854168 0.037037037
2 0.7338542 0.6101852 0.027083334 0.02962963
2 0.7135417 0.6111111 0.020833334 0.025925925
3 0.6929687 0.60601854 0.030729167 0.03425926
2 0.6742188 0.60925925 0.0203125 0.024074074
2 0.6565104 0.6018519 0.024479168 0.033333335
4 0.6296875 0.59675926 0.028125 0.026851851
3 0.746875 0.587963 0.046875 0.046296295
