2 0.11770833 0.7111111 0.23333333 0.18888889
1 0.2903646 0.65555555 0.009895833 0.025925925
2 0.31666666 0.67083335 0.029166667 0.037962962
2 0.35338542 0.66851854 0.028645834 0.042592593
2 0.36223957 0.662037 0.022395832 0.03888889
2 0.40703124 0.66805553 0.052604165 0.06574074
2 0.43541667 0.64166665 0.015625 0.027777778
2 0.45989582 0.66712964 0.026041666 0.03425926
2 0.48645833 0.6587963 0.021875 0.028703704
1 0.5200521 0.6398148 0.0046875 0.02037037
2 0.6947917 0.67453706 0.15104167 0.09907407
2 0.7671875 0.67638886 0.096875 0.062037036
2 0.9401042 0.6643519 0.11666667 0.09351852
