2 0.26171875 0.6166667 0.080729164 0.048148148
2 0.35651043 0.6652778 0.17447917 0.20277777
2 0.49713543 0.6263889 0.08177083 0.08425926
2 0.5903646 0.6148148 0.0421875 0.04074074
4 0.659375 0.59074074 0.06875 0.08888889
3 0.5921875 0.5962963 0.027083334 0.044444446
2 0.69375 0.61203706 0.020833334 0.031481482
2 0.71484375 0.61157405 0.0234375 0.026851851
2 0.7325521 0.6111111 0.0234375 0.031481482
2 0.75625 0.61157405 0.032291666 0.03425926
2 0.8231771 0.61296296 0.043229166 0.04074074
2 0.7872396 0.61296296 0.033854168 0.031481482
3 0.74869794 0.5856481 0.0421875 0.049074072
2 0.95520836 0.6486111 0.08958333 0.13425925
