2 0.023697916 0.6898148 0.047395833 0.11481482
2 0.10755208 0.69027776 0.084895834 0.08240741
2 0.13567708 0.6824074 0.046354167 0.062962964
2 0.16796875 0.6791667 0.044270832 0.060185187
0 0.17083333 0.67546296 0.015625 0.0712963
2 0.21067709 0.68472224 0.0703125 0.08055556
0 0.24322917 0.66805553 0.009375 0.04537037
0 0.2658854 0.66805553 0.009895833 0.047222223
0 0.25598958 0.67083335 0.009895833 0.041666668
2 0.26328126 0.6662037 0.034895834 0.047222223
2 0.30234376 0.66944444 0.033854168 0.04074074
3 0.3841146 0.65833336 0.011979166 0.024074074
2 0.36536458 0.6652778 0.0234375 0.043518517
2 0.36145833 0.6712963 0.022916667 0.04074074
1 0.41927084 0.6958333 0.033333335 0.17685185
1 0.48515624 0.7083333 0.053645834 0.28148147
0 0.56822914 0.67083335 0.026041666 0.14166667
0 0.60572916 0.66481483 0.028125 0.15925926
0 0.6515625 0.6675926 0.032291666 0.15555556
0 0.5359375 0.6643519 0.01875 0.08425926
0 0.5208333 0.6703704 0.016666668 0.1
