4 0.49921876 0.60462964 0.2109375 0.42777777
2 0.5520833 0.8703704 0.36354166 0.2574074
3 0.403125 0.59768516 0.078125 0.1712963
3 0.30078125 0.6199074 0.10572917 0.20648149
2 0.19427083 0.61157405 0.057291668 0.043518517
2 0.25260416 0.60231483 0.058333334 0.06388889
2 0.67317706 0.6032407 0.058854166 0.041666668
1 0.6625 0.6050926 0.011458334 0.04537037
1 0.709375 0.60925925 0.015625 0.053703703
2 0.75625 0.6097222 0.055208333 0.036111113
3 0.7875 0.57453704 0.083333336 0.09166667
3 0.9505208 0.5648148 0.09791667 0.31296295
