2 0.93541664 0.76296294 0.12916666 0.17407407
0 0.7296875 0.73888886 0.030208332 0.15925926
2 0.60807294 0.6791667 0.046354167 0.043518517
0 0.59244794 0.68703705 0.0078125 0.042592593
0 0.6190104 0.68564814 0.0078125 0.04537037
2 0.44713542 0.79305553 0.33177084 0.4138889
2 0.33098957 0.7236111 0.1171875 0.22314815
3 0.3 0.65416664 0.055208333 0.117592596
3 0.23333333 0.6657407 0.057291668 0.11111111
2 0.215625 0.69398147 0.0625 0.108333334
2 0.15520833 0.7097222 0.12916666 0.16944444
2 0.07109375 0.662963 0.091145836 0.11481482
3 0.034895834 0.6259259 0.06979167 0.15185185
