2 0.1953125 0.6666667 0.109375 0.12407407
2 0.1609375 0.66481483 0.05625 0.07037037
1 0.30729166 0.662037 0.01875 0.06666667
2 0.34114584 0.64444447 0.0625 0.10555556
2 0.40052083 0.6560185 0.029166667 0.037962962
2 0.42447916 0.65324074 0.025 0.03425926
2 0.46458334 0.6421296 0.033333335 0.03425926
2 0.49140626 0.649537 0.021354167 0.028703704
2 0.5450521 0.650463 0.0921875 0.18981482
2 0.68828124 0.5384259 0.027604166 0.04537037
2 0.6252604 0.66712964 0.065104164 0.08981481
2 0.7106771 0.6944444 0.1046875 0.1537037
4 0.8697917 0.5662037 0.26041666 0.712037
