2 0.70182294 0.6962963 0.15677084 0.20185184
2 0.6138021 0.6861111 0.0671875 0.096296296
2 0.5026042 0.75 0.203125 0.27962962
2 0.38854167 0.6726852 0.017708333 0.026851851
2 0.3528646 0.67685187 0.027604166 0.044444446
3 0.35572916 0.65925926 0.03125 0.06481481
2 0.33515626 0.6814815 0.0390625 0.055555556
4 0.30963543 0.6560185 0.036979165 0.07685185
2 0.26171875 0.6828704 0.0453125 0.058333334
1 0.22135417 0.6805556 0.0125 0.048148148
1 0.19479166 0.6814815 0.020833334 0.044444446
1 0.15520833 0.6898148 0.01875 0.06111111
0 0.13671875 0.68472224 0.0109375 0.050925925
1 0.1203125 0.68564814 0.019791666 0.05648148
0 0.0890625 0.6828704 0.008333334 0.047222223
