0 0.8596354 0.65925926 0.0171875 0.09074074
1 0.80546874 0.6925926 0.06614583 0.18888889
0 0.7375 0.6449074 0.011458334 0.05277778
2 0.6507813 0.64444447 0.058854166 0.06481481
2 0.6171875 0.63148147 0.051041666 0.062962964
4 0.61015624 0.62083334 0.12552084 0.09351852
2 0.51770836 0.6287037 0.019791666 0.02962963
2 0.50416666 0.62546295 0.015625 0.026851851
0 0.4921875 0.62685186 0.0052083335 0.02962963
2 0.48932293 0.6263889 0.011979166 0.017592592
3 0.47552082 0.6166667 0.011458334 0.025925925
2 0.46380207 0.61944443 0.0078125 0.0129629625
1 0.4450521 0.62453705 0.022395832 0.041666668
1 0.42890626 0.6199074 0.0036458333 0.019444445
2 0.33854166 0.6148148 0.061458334 0.055555556
0 0.17317708 0.6263889 0.0296875 0.16574074
1 0.07083333 0.6212963 0.061458334 0.18888889
