1 0.7104167 0.662037 0.0125 0.06481481
2 0.6851562 0.66018516 0.069270834 0.044444446
3 0.5882813 0.6226852 0.075520836 0.16944444
1 0.54375 0.6467593 0.016666668 0.032407407
1 0.52421874 0.6412037 0.018229166 0.032407407
3 0.46588543 0.61944443 0.016145833 0.037037037
2 0.4606771 0.63148147 0.016145833 0.025925925
1 0.45026043 0.6375 0.0203125 0.026851851
2 0.44375 0.6287037 0.013541667 0.02037037
1 0.42395833 0.63842595 0.020833334 0.032407407
2 0.41875 0.63611114 0.017708333 0.025925925
2 0.38880208 0.63611114 0.021354167 0.025925925
2 0.3440104 0.6458333 0.058854166 0.08240741
2 0.27760416 0.64166665 0.09583333 0.12777779
2 0.19921875 0.66851854 0.14322917 0.13333334
1 0.10963542 0.6513889 0.019270834 0.060185187
1 0.09140625 0.65 0.031770833 0.06851852
