1 0.050520834 0.66712964 0.016666668 0.05462963
2 0.0515625 0.6574074 0.045833334 0.048148148
3 0.2721354 0.6486111 0.1234375 0.08611111
0 0.24557291 0.6657407 0.0140625 0.05185185
2 0.29114583 0.7097222 0.109375 0.1287037
0 0.44609374 0.6736111 0.013020833 0.043518517
2 0.57604164 0.6796296 0.032291666 0.05740741
1 0.61145836 0.6824074 0.010416667 0.044444446
0 0.76927084 0.7083333 0.021875 0.10555556
1 0.8153646 0.7259259 0.075520836 0.14629629
0 0.8911458 0.69722223 0.028125 0.11851852
0 0.8158854 0.6888889 0.018229166 0.096296296
2 0.9604167 0.78425926 0.078125 0.2037037
