3 0.25677082 0.61944443 0.18645833 0.21111111
2 0.34791666 0.66064817 0.0375 0.06759259
2 0.37395832 0.65694445 0.039583333 0.05462963
3 0.390625 0.6402778 0.042708334 0.08055556
3 0.41041666 0.6148148 0.044791665 0.10185185
2 0.45703125 0.65416664 0.033854168 0.050925925
2 0.4768229 0.6412037 0.019270834 0.032407407
2 0.49921876 0.6240741 0.009895833 0.014814815
2 0.46979168 0.62222224 0.013541667 0.016666668
1 0.51953125 0.6574074 0.0109375 0.044444446
2 0.54817706 0.6421296 0.031770833 0.026851851
