3 0.104427084 0.6134259 0.20677084 0.34166667
2 0.14583333 0.8138889 0.29166666 0.35555556
3 0.28125 0.6643519 0.153125 0.33055556
2 0.49296874 0.79814816 0.15260416 0.22037037
2 0.36770833 0.7384259 0.03125 0.049074072
2 0.39661458 0.73703706 0.0203125 0.035185184
4 0.5442708 0.725 0.036458332 0.07777778
1 0.58385414 0.7449074 0.0072916667 0.03425926
1 0.590625 0.74583334 0.008333334 0.03425926
1 0.6171875 0.7449074 0.010416667 0.039814815
1 0.6354167 0.7421296 0.010416667 0.047222223
1 0.67604166 0.7449074 0.011458334 0.05648148
1 0.7054688 0.7462963 0.013020833 0.044444446
2 0.8333333 0.73425925 0.038541667 0.04074074
