2 0.0796875 0.6791667 0.159375 0.19166666
2 0.18880208 0.6388889 0.1203125 0.16481481
2 0.2809896 0.6513889 0.086979166 0.09537037
2 0.33958334 0.63703704 0.05625 0.06481481
2 0.3625 0.6296296 0.0375 0.062962964
2 0.3859375 0.6263889 0.035416666 0.05462963
2 0.40338543 0.625 0.0234375 0.042592593
2 0.41822916 0.62083334 0.025 0.036111113
2 0.44765624 0.63055557 0.034895834 0.05
2 0.4890625 0.6101852 0.01875 0.02037037
2 0.5138021 0.6333333 0.0359375 0.05
1 0.6013021 0.62685186 0.013020833 0.048148148
3 0.43385416 0.59583336 0.033333335 0.049074072
2 0.4674479 0.6203704 0.0203125 0.031481482
2 0.5078125 0.61527777 0.016666668 0.03425926
2 0.5359375 0.60462964 0.008333334 0.0129629625
