4 0.0640625 0.51111114 0.128125 0.7722222
4 0.19401042 0.5152778 0.3078125 0.48796296
4 0.3828125 0.58148146 0.0875 0.1537037
0 0.3513021 0.64166665 0.018229166 0.12222222
0 0.40416667 0.62453705 0.023958333 0.106481485
2 0.34765625 0.62453705 0.058854166 0.09537037
1 0.5317708 0.64305556 0.023958333 0.09351852
1 0.546875 0.6324074 0.019791666 0.06481481
1 0.57890624 0.6652778 0.034895834 0.14351852
1 0.6075521 0.6550926 0.024479168 0.097222224
1 0.71484375 0.68472224 0.043229166 0.24907407
0 0.884375 0.71805555 0.055208333 0.29907408
0 0.9578125 0.73425925 0.083333336 0.4185185
4 0.8640625 0.54814816 0.26979166 0.57592595
4 0.69895834 0.587963 0.16145833 0.25
2 0.5132812 0.6212963 0.0203125 0.02037037
