3 0.12994792 0.5902778 0.2296875 0.31574073
2 0.315625 0.65555555 0.026041666 0.046296295
2 0.36145833 0.6643519 0.08958333 0.13055556
2 0.40911457 0.65787035 0.040104166 0.073148146
2 0.440625 0.6560185 0.027083334 0.041666668
2 0.47057292 0.6513889 0.008854167 0.013888889
2 0.484375 0.6574074 0.022916667 0.035185184
2 0.5078125 0.66481483 0.0375 0.053703703
3 0.6736979 0.65462965 0.0671875 0.12592593
1 0.7830729 0.6935185 0.015104166 0.048148148
0 0.9044271 0.6949074 0.008854167 0.05462963
1 0.9325521 0.70416665 0.0234375 0.062037036
0 0.9721354 0.7046296 0.013020833 0.055555556
