0 0.7127604 0.649537 0.005729167 0.03425926
1 0.5651042 0.67083335 0.01875 0.08055556
2 0.596875 0.6467593 0.010416667 0.017592592
2 0.5520833 0.6435185 0.014583333 0.025925925
2 0.5158854 0.6462963 0.015104166 0.014814815
2 0.47473958 0.6490741 0.021354167 0.022222223
1 0.41901043 0.64537036 0.009895833 0.046296295
2 0.36510417 0.6467593 0.0375 0.026851851
2 0.32213542 0.65555555 0.06822917 0.053703703
2 0.26041666 0.6574074 0.10729167 0.083333336
2 0.23723958 0.6662037 0.1203125 0.07685185
2 0.12057292 0.6773148 0.1796875 0.11574074
2 0.07864583 0.6865741 0.15729167 0.13055556
2 0.033072915 0.69398147 0.06614583 0.16574074
3 0.5356771 0.63935184 0.011979166 0.023148147
