2 0.9549479 0.6921296 0.09010417 0.10092592
2 0.93385416 0.67314816 0.077083334 0.08888889
1 0.91302085 0.7013889 0.09375 0.16574074
3 0.86328125 0.6402778 0.08177083 0.10277778
2 0.8109375 0.66944444 0.077083334 0.085185185
3 0.76484376 0.6402778 0.018229166 0.036111113
2 0.75078124 0.6643519 0.040104166 0.05648148
2 0.6815104 0.662963 0.047395833 0.074074075
2 0.6460937 0.6574074 0.0296875 0.04074074
2 0.63072914 0.65925926 0.032291666 0.055555556
2 0.6190104 0.6657407 0.0453125 0.05925926
1 0.5390625 0.6662037 0.022916667 0.06574074
1 0.49713543 0.66712964 0.021354167 0.06759259
0 0.48854166 0.6587963 0.013541667 0.058333334
1 0.46953124 0.66805553 0.019270834 0.062037036
1 0.42109376 0.6666667 0.031770833 0.06666667
2 0.079427086 0.68472224 0.15885417 0.21574074
