2 0.07578125 0.6240741 0.13697916 0.15
2 0.17708333 0.64166665 0.13541667 0.14814815
2 0.24010417 0.64166665 0.065625 0.09259259
2 0.31171876 0.6527778 0.09739583 0.12777779
2 0.3658854 0.6402778 0.033854168 0.060185187
2 0.41484374 0.6402778 0.018229166 0.03425926
2 0.45520833 0.6462963 0.072916664 0.10185185
2 0.5182292 0.6337963 0.039583333 0.030555556
1 0.51354164 0.6425926 0.0125 0.05740741
1 0.5705729 0.6412037 0.022395832 0.075
1 0.646875 0.6564815 0.075 0.18333334
1 0.7601563 0.67175925 0.10885417 0.2638889
1 0.88671875 0.71018517 0.17760417 0.41111112
