2 0.096614584 0.6898148 0.16822916 0.14629629
2 0.22395833 0.6662037 0.08958333 0.09907407
2 0.2671875 0.6666667 0.053125 0.083333336
2 0.29192707 0.66481483 0.043229166 0.06481481
2 0.31171876 0.65925926 0.036979165 0.06481481
2 0.40338543 0.65833336 0.028645834 0.04074074
2 0.465625 0.65925926 0.048958335 0.07777778
1 0.521875 0.66851854 0.019791666 0.08148148
1 0.5541667 0.66805553 0.017708333 0.08425926
2 0.5726563 0.6638889 0.0515625 0.05
2 0.6848958 0.70092595 0.12291667 0.12592593
2 0.62916666 0.68796295 0.06875 0.08888889
0 0.8255208 0.6828704 0.026041666 0.108333334
