2 0.8890625 0.49814814 0.079166666 0.06481481
0 0.88072914 0.650463 0.010416667 0.05648148
0 0.8726562 0.6560185 0.011979166 0.06388889
0 0.8598958 0.6638889 0.0125 0.06666667
4 0.84010416 0.6435185 0.079166666 0.06111111
3 0.7658854 0.6041667 0.13697916 0.17685185
2 0.68385416 0.6787037 0.0875 0.13703704
4 0.63359374 0.6328704 0.11302083 0.10092592
2 0.53984374 0.74027777 0.25052083 0.4101852
2 0.42552084 0.6486111 0.045833334 0.073148146
3 0.3502604 0.58842593 0.086979166 0.18425927
2 0.28411457 0.63703704 0.034895834 0.027777778
