0 0.1640625 0.66712964 0.011458334 0.041666668
1 0.21770833 0.6662037 0.028125 0.043518517
2 0.2955729 0.662963 0.0984375 0.062962964
2 0.3440104 0.6662037 0.025520833 0.036111113
2 0.35729167 0.6587963 0.032291666 0.050925925
3 0.38072917 0.65324074 0.0375 0.07685185
2 0.41979167 0.6662037 0.09791667 0.0712963
2 0.4622396 0.6662037 0.027604166 0.047222223
0 0.55 0.6722222 0.0072916667 0.04074074
2 0.5231771 0.66944444 0.046354167 0.046296295
2 0.6333333 0.6736111 0.12604167 0.08425926
3 0.66276044 0.65092593 0.07447917 0.06481481
2 0.68958336 0.67546296 0.092708334 0.06759259
1 0.7421875 0.68101853 0.0125 0.049074072
2 0.82708335 0.68425924 0.13958333 0.07037037
