2 0.034635417 0.65185183 0.0515625 0.035185184
2 0.12291667 0.63935184 0.044791665 0.03425926
2 0.18359375 0.63796294 0.047395833 0.02962963
2 0.21223958 0.63611114 0.040104166 0.031481482
2 0.2609375 0.62685186 0.047916666 0.031481482
1 0.27552083 0.6736111 0.023958333 0.049074072
1 0.2578125 0.67453706 0.020833334 0.047222223
4 0.3671875 0.6013889 0.08020833 0.05462963
5 0.31171876 0.6375 0.041145835 0.05462963
2 0.40026042 0.68425924 0.06614583 0.07777778
2 0.48385417 0.6814815 0.06666667 0.07777778
2 0.50078124 0.63055557 0.0421875 0.046296295
2 0.60286456 0.61851853 0.031770833 0.037037037
2 0.72083336 0.6037037 0.0375 0.042592593
2 0.7455729 0.6148148 0.034895834 0.03888889
2 0.7703125 0.62083334 0.039583333 0.05277778
2 0.7856771 0.587963 0.022395832 0.02962963
2 0.8101562 0.59444445 0.027604166 0.031481482
2 0.8627604 0.62453705 0.0546875 0.06759259
2 0.9114583 0.6134259 0.053125 0.058333334
2 0.94114584 0.59305555 0.039583333 0.04537037
2 0.8333333 0.5842593 0.01875 0.035185184
1 0.16145833 0.65185183 0.021875 0.04074074
2 0.87135416 0.59537035 0.034375 0.03888889
2 0.8497396 0.5824074 0.0140625 0.022222223
2 0.8283854 0.59212965 0.018229166 0.025
2 0.9927083 0.6180556 0.014583333 0.058333334
2 0.6588542 0.5986111 0.01875 0.019444445
2 0.6309896 0.6009259 0.024479168 0.027777778
