2 0.671875 0.6537037 0.039583333 0.02962963
1 0.6268229 0.6634259 0.0140625 0.058333334
2 0.60286456 0.65787035 0.0234375 0.03425926
2 0.53333336 0.6490741 0.014583333 0.02037037
2 0.49010417 0.65231484 0.020833334 0.023148147
3 0.47838542 0.64305556 0.0265625 0.04537037
2 0.44166666 0.65694445 0.03125 0.03425926
0 0.35859376 0.65092593 0.0078125 0.037037037
2 0.17760417 0.65324074 0.09166667 0.06944445
0 0.13802083 0.66944444 0.01875 0.053703703
0 0.103125 0.6796296 0.021875 0.087037034
0 0.075 0.6560185 0.021875 0.0787037
