2 0.15859374 0.63148147 0.0703125 0.05185185
0 0.21875 0.6328704 0.013541667 0.058333334
2 0.20494792 0.62546295 0.059895832 0.05648148
2 0.25572917 0.6212963 0.052083332 0.05
2 0.41796875 0.73564816 0.15364583 0.28611112
2 0.48177084 0.6125 0.013541667 0.017592592
2 0.50572914 0.6175926 0.020833334 0.03888889
2 0.5296875 0.63935184 0.04375 0.06759259
1 0.5835937 0.662963 0.044270832 0.07777778
0 0.6848958 0.6861111 0.019791666 0.1425926
2 0.809375 0.6958333 0.140625 0.117592596
2 0.95885414 0.69305557 0.08125 0.13981481
