1 0.21875 0.63564813 0.011458334 0.049074072
4 0.43932292 0.6064815 0.043229166 0.08888889
2 0.4075521 0.6287037 0.019270834 0.035185184
2 0.3984375 0.6337963 0.01875 0.03425926
3 0.41328126 0.6064815 0.0234375 0.05185185
2 0.37916666 0.6236111 0.029166667 0.04537037
3 0.35625 0.6125 0.034375 0.050925925
2 0.32578126 0.6342593 0.12864584 0.07037037
2 0.5210937 0.6240741 0.008854167 0.014814815
2 0.503125 0.6162037 0.023958333 0.037962962
2 0.49817708 0.6333333 0.041145835 0.05
3 0.465625 0.60462964 0.030208332 0.06851852
2 0.8697917 0.6402778 0.13229166 0.08796296
