3 0.051041666 0.52824074 0.10208333 0.66944444
3 0.13984375 0.5361111 0.2796875 0.39814815
2 0.18958333 0.68935186 0.19791667 0.21944444
2 0.31067708 0.65555555 0.111979164 0.16481481
2 0.39791667 0.6652778 0.044791665 0.06388889
3 0.39453125 0.6412037 0.040104166 0.062037036
2 0.50390625 0.68425924 0.0609375 0.098148145
4 0.5356771 0.6587963 0.0203125 0.043518517
2 0.5893229 0.675 0.031770833 0.053703703
2 0.5708333 0.6814815 0.039583333 0.06111111
2 0.6671875 0.72268516 0.15416667 0.21018519
1 0.8856771 0.72407407 0.038020834 0.10555556
1 0.9846354 0.7138889 0.0296875 0.07777778
