2 0.039583333 0.6300926 0.079166666 0.08796296
2 0.0546875 0.6097222 0.109375 0.108333334
2 0.10208333 0.6162037 0.1125 0.08981481
2 0.146875 0.6125 0.110416666 0.07685185
2 0.19322917 0.6097222 0.08645833 0.05277778
2 0.20911458 0.60462964 0.069270834 0.05740741
2 0.23567708 0.59444445 0.046354167 0.046296295
2 0.2721354 0.6013889 0.0484375 0.037962962
2 0.28723958 0.59814817 0.0453125 0.042592593
0 0.35338542 0.61203706 0.011979166 0.05185185
1 0.38541666 0.6175926 0.011458334 0.044444446
2 0.4421875 0.59444445 0.009375 0.022222223
2 0.46354166 0.64166665 0.060416665 0.11296296
2 0.5054687 0.60555553 0.0203125 0.037037037
2 0.5153646 0.61388886 0.024479168 0.044444446
2 0.5296875 0.6240741 0.039583333 0.05925926
2 0.56901044 0.60601854 0.031770833 0.05462963
2 0.584375 0.65925926 0.065625 0.085185185
2 0.69140625 0.7328704 0.1390625 0.17314816
