4 0.058333334 0.5833333 0.11666667 0.22962964
0 0.19088541 0.6402778 0.0046875 0.03425926
0 0.19453125 0.6421296 0.0078125 0.037962962
2 0.25494793 0.649537 0.036979165 0.037962962
2 0.35052082 0.650463 0.029166667 0.037962962
2 0.3986979 0.6398148 0.0140625 0.02037037
2 0.4153646 0.6398148 0.0078125 0.0129629625
3 0.42083332 0.6342593 0.011458334 0.022222223
2 0.44895834 0.64537036 0.016666668 0.018518519
3 0.47838542 0.6310185 0.0328125 0.08240741
2 0.49322918 0.64537036 0.010416667 0.018518519
2 0.5033854 0.650463 0.018229166 0.025
4 0.52213544 0.6365741 0.0265625 0.05277778
2 0.5416667 0.65462965 0.039583333 0.07777778
2 0.5903646 0.6722222 0.075520836 0.107407406
0 0.6664063 0.65185183 0.011979166 0.048148148
1 0.71796876 0.6703704 0.0234375 0.072222225
1 0.8544271 0.6949074 0.034895834 0.108333334
2 0.81458336 0.6388889 0.047916666 0.05
