0 0.038802084 0.5847222 0.0171875 0.08425926
0 0.10859375 0.59166664 0.015104166 0.087037034
0 0.15364583 0.60231483 0.019791666 0.08055556
0 0.14895834 0.59074074 0.015625 0.062962964
1 0.24348958 0.6037037 0.018229166 0.062962964
0 0.3059896 0.6009259 0.0171875 0.06851852
4 0.31875 0.5773148 0.035416666 0.0787037
0 0.35546875 0.6037037 0.016145833 0.07777778
1 0.37578124 0.59675926 0.0109375 0.047222223
0 0.37890625 0.6087963 0.015104166 0.06388889
1 0.4231771 0.6634259 0.0609375 0.23981482
0 0.42109376 0.6425926 0.056770835 0.19814815
2 0.47864583 0.59907407 0.10520833 0.16851851
3 0.67552084 0.62685186 0.36458334 0.2611111
2 0.8 0.6912037 0.4 0.61388886
