3 0.20416667 0.6148148 0.15104167 0.17222223
2 0.33020833 0.6666667 0.03125 0.031481482
2 0.37552083 0.66712964 0.03125 0.026851851
2 0.39427084 0.6625 0.017708333 0.023148147
2 0.42291668 0.6564815 0.0125 0.018518519
2 0.4388021 0.6527778 0.011979166 0.016666668
2 0.45677084 0.6597222 0.0125 0.017592592
3 0.4544271 0.64305556 0.021354167 0.043518517
2 0.48151043 0.6513889 0.011979166 0.019444445
2 0.4700521 0.65 0.009895833 0.014814815
3 0.48828125 0.64305556 0.011979166 0.026851851
2 0.5140625 0.68425924 0.051041666 0.087037034
