2 0.26145834 0.62777776 0.042708334 0.055555556
3 0.34661457 0.62824076 0.019270834 0.030555556
2 0.4216146 0.6259259 0.0265625 0.05
2 0.4466146 0.6273148 0.009895833 0.023148147
2 0.4622396 0.6287037 0.0296875 0.06851852
2 0.47447917 0.6287037 0.017708333 0.02962963
3 0.484375 0.6226852 0.010416667 0.021296296
3 0.503125 0.6166667 0.014583333 0.035185184
2 0.5002604 0.6342593 0.019270834 0.024074074
2 0.52708334 0.6287037 0.011458334 0.014814815
3 0.54375 0.62546295 0.027083334 0.04537037
2 0.6119792 0.6481481 0.054166667 0.05740741
2 0.83984375 0.7046296 0.17552084 0.16851851
