4 0.108072914 0.5 0.21197917 1.0
2 0.24401042 0.72407407 0.19114584 0.27407408
2 0.346875 0.6759259 0.12916666 0.18888889
2 0.41484374 0.6726852 0.06614583 0.10462963
2 0.44140625 0.65185183 0.046354167 0.09074074
4 0.425 0.6365741 0.07395833 0.119444445
2 0.46484375 0.6564815 0.0296875 0.053703703
2 0.47578126 0.65185183 0.027604166 0.044444446
2 0.48541668 0.649537 0.01875 0.039814815
2 0.5 0.6472222 0.013541667 0.024074074
2 0.5059896 0.6421296 0.011979166 0.023148147
2 0.51640624 0.6490741 0.0203125 0.031481482
2 0.53333336 0.6490741 0.016666668 0.024074074
2 0.5424479 0.64166665 0.031770833 0.035185184
1 0.9867188 0.73055553 0.0265625 0.18148148
1 0.6742188 0.6796296 0.018229166 0.06481481
