2 0.26744792 0.6157407 0.040104166 0.053703703
2 0.33359376 0.57546294 0.016145833 0.026851851
2 0.36432293 0.57361114 0.015104166 0.026851851
2 0.371875 0.56898147 0.011458334 0.021296296
2 0.35833332 0.62685186 0.046875 0.07037037
2 0.43072918 0.64444447 0.054166667 0.107407406
1 0.5023438 0.59444445 0.011979166 0.031481482
2 0.60364586 0.6175926 0.022916667 0.02962963
2 0.6479167 0.63611114 0.048958335 0.06666667
2 0.84947914 0.6625 0.103125 0.09907407
2 0.44635418 0.6166667 0.030208332 0.042592593
