2 0.075520836 0.6166667 0.08645833 0.075925924
1 0.12942709 0.6300926 0.038020834 0.08796296
1 0.24453124 0.6300926 0.024479168 0.08240741
2 0.234375 0.62222224 0.109375 0.06111111
1 0.31484374 0.6189815 0.009895833 0.047222223
1 0.32994792 0.6212963 0.009895833 0.03888889
2 0.35625 0.6287037 0.04375 0.05740741
2 0.43333334 0.63472223 0.045833334 0.060185187
2 0.44895834 0.62222224 0.039583333 0.02962963
1 0.47734374 0.6259259 0.0067708334 0.033333335
1 0.4846354 0.6236111 0.005729167 0.026851851
2 0.5528646 0.6333333 0.075520836 0.05185185
1 0.6049479 0.6587963 0.028645834 0.10462963
2 0.69895834 0.64398146 0.09791667 0.060185187
2 0.6544271 0.6273148 0.07447917 0.060185187
2 0.6302083 0.6263889 0.079166666 0.058333334
2 0.521875 0.62083334 0.036458332 0.026851851
