1 0.76875 0.7050926 0.079166666 0.25648147
0 0.6802083 0.6388889 0.028125 0.13148148
0 0.6380208 0.6375 0.020833334 0.125
0 0.61848956 0.62453705 0.015104166 0.08425926
0 0.60234374 0.6287037 0.019270834 0.094444446
1 0.5171875 0.62824076 0.014583333 0.05462963
3 0.37708333 0.6175926 0.022916667 0.05740741
3 0.39348957 0.59768516 0.027604166 0.08796296
2 0.42109376 0.62777776 0.0390625 0.05185185
2 0.721875 0.6199074 0.067708336 0.04537037
0 0.81458336 0.6324074 0.014583333 0.094444446
0 0.9861979 0.6037037 0.011979166 0.06111111
0 0.97864586 0.59675926 0.011458334 0.06574074
0 0.93828124 0.6171296 0.015104166 0.058333334
0 0.903125 0.61435187 0.011458334 0.05648148
0 0.89140624 0.6148148 0.011979166 0.05925926
0 0.8828125 0.6111111 0.013541667 0.062962964
0 0.8442708 0.625 0.011458334 0.053703703
0 0.84739584 0.61064816 0.0125 0.06759259
2 0.6877604 0.61527777 0.065104164 0.05277778
0 0.8726562 0.61435187 0.008854167 0.041666668
0 0.78776044 0.65324074 0.0265625 0.15462963
0 0.5023438 0.61851853 0.0078125 0.037037037
