2 0.9515625 0.62824076 0.067708336 0.06759259
2 0.9799479 0.60601854 0.038020834 0.05462963
3 0.7242187 0.575 0.4890625 0.4148148
2 0.05703125 0.7087963 0.1140625 0.26018518
3 0.0875 0.6111111 0.13541667 0.18333334
3 0.16276042 0.6212963 0.07864583 0.11296296
2 0.3596354 0.599537 0.0171875 0.025
2 0.32395834 0.6009259 0.01875 0.025925925
2 0.20546874 0.6009259 0.025520833 0.022222223
2 0.22994791 0.599537 0.025520833 0.019444445
3 0.2578125 0.5865741 0.021875 0.041666668
2 0.28515625 0.5962963 0.0140625 0.018518519
3 0.28984374 0.5824074 0.0140625 0.027777778
