1 0.42578125 0.67546296 0.009895833 0.039814815
1 0.43828124 0.6759259 0.0109375 0.03888889
2 0.47291666 0.6787037 0.023958333 0.035185184
1 0.34973958 0.6782407 0.011979166 0.039814815
2 0.34270832 0.6722222 0.032291666 0.053703703
0 0.13828126 0.69953704 0.0328125 0.1675926
2 0.18177083 0.69814813 0.08125 0.098148145
2 0.23776041 0.6791667 0.06822917 0.10462963
2 0.27447918 0.6875 0.040625 0.06759259
1 0.5033854 0.6782407 0.0078125 0.032407407
4 0.5296875 0.6643519 0.032291666 0.06388889
4 0.62135416 0.66064817 0.075 0.108333334
4 0.71953124 0.65925926 0.07760417 0.09259259
4 0.6692708 0.662963 0.055208333 0.075925924
4 0.8773438 0.6550926 0.20989583 0.26944444
2 0.9393229 0.7550926 0.11927083 0.42314816
1 0.3669271 0.67453706 0.0109375 0.043518517
