3 0.16223958 0.5763889 0.0953125 0.17314816
2 0.23463541 0.6111111 0.0390625 0.048148148
2 0.25208333 0.6296296 0.058333334 0.06851852
2 0.29895833 0.6171296 0.04375 0.05462963
3 0.3268229 0.57314813 0.040104166 0.1037037
3 0.45 0.6296296 0.22291666 0.5092593
1 0.5942708 0.61851853 0.008333334 0.03888889
1 0.6015625 0.6212963 0.011458334 0.03888889
1 0.64375 0.625 0.014583333 0.046296295
1 0.73046875 0.6240741 0.0234375 0.03888889
1 0.7265625 0.62222224 0.025 0.04074074
2 0.6828125 0.73055553 0.15833333 0.17777778
4 0.83984375 0.6018519 0.1359375 0.09259259
3 0.90755206 0.59768516 0.16927083 0.11203704
2 0.9554688 0.6425926 0.086979166 0.06666667
