1 0.15026042 0.74444443 0.059895832 0.19259259
2 0.16354166 0.7486111 0.13958333 0.13055556
2 0.296875 0.7449074 0.15416667 0.19907407
2 0.40625 0.724537 0.044791665 0.0712963
2 0.42708334 0.71666664 0.021875 0.031481482
2 0.44713542 0.7138889 0.0171875 0.024074074
2 0.47916666 0.71805555 0.016666668 0.026851851
2 0.50989586 0.72083336 0.028125 0.037962962
2 0.5364583 0.7314815 0.040625 0.05740741
2 0.5992187 0.7513889 0.10364583 0.14907408
1 0.7007812 0.7462963 0.021354167 0.10925926
2 0.7583333 0.72314817 0.059375 0.05
0 0.9046875 0.74722224 0.027083334 0.1425926
4 0.6041667 0.70694447 0.12083333 0.08425926
