2 0.26770833 0.6402778 0.055208333 0.026851851
4 0.36302084 0.6287037 0.039583333 0.055555556
2 0.4153646 0.64768517 0.050520834 0.039814815
2 0.49661458 0.68564814 0.10572917 0.17685185
2 0.37994793 0.6402778 0.0546875 0.036111113
2 0.40234375 0.6435185 0.0515625 0.035185184
5 0.47942707 0.7398148 0.0765625 0.35
2 0.5606771 0.6634259 0.0359375 0.062037036
2 0.58671874 0.6638889 0.059895832 0.087037034
2 0.6893229 0.6611111 0.056770835 0.035185184
2 0.7403646 0.6560185 0.053645834 0.037962962
1 0.037239585 0.6412037 0.0203125 0.05462963
0 0.07994792 0.63611114 0.0109375 0.046296295
1 0.15572916 0.6462963 0.011458334 0.046296295
1 0.1859375 0.6481481 0.013541667 0.046296295
1 0.16692708 0.6490741 0.009895833 0.044444446
1 0.175 0.6490741 0.013541667 0.048148148
1 0.20885417 0.6421296 0.020833334 0.032407407
2 0.5484375 0.65 0.032291666 0.053703703
