0 0.19296876 0.63148147 0.0265625 0.15
1 0.4890625 0.65833336 0.051041666 0.17037037
0 0.66041666 0.6689815 0.07083333 0.44722223
2 0.9966146 0.62222224 0.0067708334 0.018518519
2 0.99088544 0.6199074 0.011979166 0.017592592
2 0.95963544 0.6199074 0.0109375 0.019444445
0 0.9528646 0.6273148 0.016145833 0.08425926
2 0.94140625 0.62222224 0.013020833 0.024074074
2 0.9356771 0.6236111 0.013020833 0.025
2 0.9263021 0.6263889 0.016145833 0.026851851
2 0.8984375 0.6337963 0.048958335 0.058333334
2 0.85520834 0.6125 0.014583333 0.023148147
2 0.8252604 0.6199074 0.0390625 0.026851851
