2 0.17135416 0.69398147 0.16875 0.15277778
2 0.29192707 0.7013889 0.084895834 0.09537037
2 0.32395834 0.6888889 0.03125 0.044444446
2 0.35833332 0.68796295 0.029166667 0.035185184
2 0.40130207 0.68796295 0.027604166 0.04074074
2 0.41510418 0.6861111 0.017708333 0.031481482
4 0.42552084 0.6722222 0.016666668 0.037037037
2 0.44348958 0.67777777 0.0109375 0.024074074
2 0.45130208 0.68564814 0.015104166 0.021296296
2 0.50130206 0.7259259 0.10572917 0.15
4 0.50364584 0.675 0.05 0.12037037
2 0.5807292 0.70185184 0.07395833 0.10185185
