2 0.027604166 0.68703705 0.055208333 0.14814815
0 0.23046875 0.65787035 0.022395832 0.11574074
2 0.31744793 0.69074076 0.2390625 0.12407407
1 0.31354168 0.69953704 0.090625 0.19537038
0 0.25182292 0.67083335 0.022395832 0.10462963
1 0.47473958 0.68935186 0.06302083 0.097222224
0 0.43671876 0.6652778 0.019270834 0.09907407
0 0.4578125 0.6703704 0.020833334 0.10555556
1 0.525 0.6865741 0.040625 0.09166667
2 0.62291664 0.69166666 0.14791666 0.10185185
1 0.7210938 0.6814815 0.022395832 0.05740741
2 0.77213544 0.68796295 0.069270834 0.075925924
2 0.809375 0.6921296 0.10104167 0.10092592
4 0.8432292 0.6425926 0.09375 0.13333334
2 0.8731771 0.6805556 0.071354166 0.08888889
2 0.94739586 0.6837963 0.098958336 0.121296294
