2 0.02734375 0.67314816 0.0546875 0.06481481
1 0.07369792 0.6759259 0.0296875 0.046296295
2 0.1453125 0.6726852 0.109375 0.06944445
1 0.20703125 0.67777777 0.0140625 0.03888889
1 0.22916667 0.67638886 0.013541667 0.041666668
1 0.26328126 0.67638886 0.0140625 0.03425926
2 0.35755208 0.6726852 0.025520833 0.03425926
2 0.36979166 0.67453706 0.016666668 0.032407407
3 0.39635417 0.65787035 0.03125 0.06574074
2 0.43072918 0.6722222 0.023958333 0.037037037
2 0.58515626 0.67685187 0.1078125 0.06481481
1 0.64635414 0.6796296 0.020833334 0.037037037
2 0.70390624 0.67175925 0.08177083 0.062037036
2 0.7265625 0.6861111 0.094791666 0.05185185
3 0.8520833 0.6300926 0.29583332 0.18796296
1 0.9903646 0.7037037 0.019270834 0.09259259
