1 0.7828125 0.6689815 0.026041666 0.08425926
0 0.7552083 0.65925926 0.011458334 0.06111111
1 0.7375 0.6662037 0.019791666 0.060185187
2 0.528125 0.6412037 0.022916667 0.036111113
2 0.54557294 0.6472222 0.034895834 0.05
3 0.49661458 0.62222224 0.0390625 0.094444446
2 0.49583334 0.60555553 0.03125 0.05925926
4 0.43229166 0.6240741 0.023958333 0.03888889
2 0.43385416 0.63611114 0.035416666 0.027777778
4 0.39453125 0.62916666 0.019270834 0.037962962
4 0.6453125 0.6342593 0.071875 0.048148148
1 0.11276042 0.6425926 0.031770833 0.05185185
