2 0.87630206 0.7685185 0.24427083 0.3314815
2 0.63411456 0.69398147 0.1078125 0.13796297
2 0.5653646 0.6837963 0.0546875 0.08796296
2 0.5466146 0.6824074 0.0421875 0.05925926
2 0.53125 0.6824074 0.032291666 0.053703703
2 0.5179688 0.67685187 0.031770833 0.055555556
4 0.5101563 0.6611111 0.0234375 0.06111111
1 0.49661458 0.67685187 0.0140625 0.06851852
1 0.48333332 0.6726852 0.0125 0.049074072
2 0.43932292 0.69953704 0.0890625 0.12685186
2 0.3986979 0.6675926 0.0140625 0.024074074
1 0.37291667 0.6791667 0.0125 0.058333334
2 0.36197916 0.6736111 0.026041666 0.037962962
2 0.32994792 0.6791667 0.058854166 0.08425926
0 0.23333333 0.68333334 0.011458334 0.06851852
1 0.21614583 0.69398147 0.025 0.06944445
1 0.10911458 0.70185184 0.011979166 0.044444446
