2 0.64375 0.4662037 0.053125 0.058333334
2 0.6197917 0.46296296 0.046875 0.05185185
2 0.58203125 0.4425926 0.0390625 0.053703703
3 0.5104167 0.43564814 0.09791667 0.20462963
2 0.42395833 0.43472221 0.009375 0.013888889
2 0.41614583 0.43935186 0.013541667 0.021296296
4 0.40625 0.43194443 0.019791666 0.032407407
3 0.39661458 0.42962962 0.0234375 0.03888889
2 0.3763021 0.45277777 0.025520833 0.037037037
2 0.39322916 0.45 0.017708333 0.027777778
2 0.35859376 0.45740741 0.034895834 0.06481481
2 0.33229166 0.46574074 0.040625 0.05925926
2 0.30859375 0.48194444 0.055729166 0.06944445
2 0.27057293 0.49074075 0.0765625 0.098148145
2 0.20677084 0.5152778 0.123958334 0.14166667
1 0.16484375 0.47453704 0.016145833 0.058333334
1 0.065364584 0.4925926 0.0265625 0.07037037
