0 0.18463542 0.6560185 0.008854167 0.05277778
0 0.28385416 0.65416664 0.010416667 0.04537037
1 0.24609375 0.6564815 0.011979166 0.03888889
1 0.26927084 0.6537037 0.009375 0.04074074
1 0.31484374 0.66481483 0.043229166 0.11666667
2 0.34010416 0.6564815 0.035416666 0.05
2 0.39166668 0.65555555 0.03125 0.044444446
2 0.40442708 0.6550926 0.0234375 0.043518517
2 0.43229166 0.65555555 0.03125 0.046296295
2 0.4533854 0.65324074 0.021354167 0.036111113
2 0.48645833 0.6574074 0.04375 0.05925926
2 0.5414063 0.65833336 0.018229166 0.031481482
0 0.9627604 0.69953704 0.018229166 0.08055556
0 0.9348958 0.7 0.014583333 0.075925924
