2 0.119791664 0.662963 0.1875 0.17222223
2 0.29895833 0.6189815 0.03125 0.028703704
2 0.31067708 0.6171296 0.028645834 0.030555556
2 0.3671875 0.6388889 0.047916666 0.08148148
2 0.4171875 0.6560185 0.11875 0.18981482
3 0.42578125 0.5824074 0.06614583 0.1388889
3 0.49427083 0.60833335 0.039583333 0.07037037
1 0.55598956 0.63935184 0.013020833 0.043518517
1 0.56041664 0.6365741 0.010416667 0.043518517
2 0.6244792 0.62916666 0.058333334 0.049074072
2 0.59947914 0.62685186 0.032291666 0.031481482
2 0.58671874 0.6259259 0.030729167 0.027777778
1 0.54609376 0.62314814 0.0078125 0.02962963
2 0.51875 0.6212963 0.017708333 0.02037037
