2 0.9789063 0.662963 0.0421875 0.07962963
2 0.9536458 0.65416664 0.059375 0.06388889
2 0.9184896 0.6486111 0.044270832 0.05462963
2 0.90208334 0.6449074 0.038541667 0.049074072
2 0.88177085 0.6398148 0.034375 0.046296295
2 0.85833335 0.6324074 0.03125 0.042592593
0 0.8393229 0.6319444 0.009895833 0.047222223
2 0.828125 0.6300926 0.022916667 0.026851851
2 0.73645836 0.6550926 0.10625 0.108333334
0 0.4984375 0.62222224 0.019791666 0.1
0 0.38098958 0.5912037 0.019270834 0.11018518
1 0.01953125 0.6009259 0.034895834 0.1537037
