2 0.13046876 0.6875 0.040104166 0.060185187
2 0.18958333 0.69027776 0.046875 0.058333334
1 0.31171876 0.6967593 0.019270834 0.06388889
2 0.29296875 0.69814813 0.052604165 0.05925926
1 0.4216146 0.6805556 0.0109375 0.03888889
2 0.4609375 0.6736111 0.028125 0.019444445
2 0.49401042 0.67638886 0.024479168 0.026851851
1 0.5210937 0.6782407 0.0109375 0.03425926
2 0.54895836 0.6736111 0.021875 0.026851851
2 0.5825521 0.67453706 0.030729167 0.04537037
1 0.6096354 0.67083335 0.0046875 0.021296296
2 0.87708336 0.724537 0.21875 0.18611111
2 0.725 0.66064817 0.07395833 0.060185187
2 0.69140625 0.66944444 0.059895832 0.042592593
2 0.78697914 0.66157407 0.07395833 0.06388889
