1 0.15078124 0.6773148 0.034895834 0.1287037
1 0.4143229 0.649537 0.009895833 0.037962962
2 0.45703125 0.64305556 0.009895833 0.023148147
2 0.46354166 0.6481481 0.013541667 0.022222223
2 0.48046875 0.6467593 0.011979166 0.019444445
2 0.50572914 0.6472222 0.0125 0.02037037
2 0.49713543 0.6462963 0.0140625 0.025925925
1 0.5335938 0.64768517 0.0067708334 0.026851851
0 0.5494792 0.6587963 0.016666668 0.06759259
3 0.6070312 0.6236111 0.096354164 0.175
1 0.82161456 0.76111114 0.1234375 0.35925925
0 0.8677083 0.6925926 0.0125 0.1
0 0.8846354 0.6814815 0.0203125 0.107407406
0 0.94401044 0.7060185 0.031770833 0.07685185
0 0.9684896 0.69722223 0.0234375 0.10555556
