1 0.13385417 0.66481483 0.014583333 0.053703703
0 0.16875 0.6652778 0.0125 0.05648148
0 0.15963541 0.6634259 0.009895833 0.047222223
2 0.23697917 0.6736111 0.077083334 0.07685185
2 0.27161458 0.6625 0.016145833 0.028703704
2 0.31953126 0.66018516 0.043229166 0.06666667
2 0.35364583 0.6638889 0.042708334 0.02962963
2 0.36666667 0.6634259 0.015625 0.026851851
2 0.39947918 0.65925926 0.015625 0.024074074
3 0.40833333 0.6481481 0.017708333 0.035185184
3 0.4296875 0.65416664 0.013541667 0.030555556
2 0.43385416 0.66018516 0.009375 0.016666668
2 0.44739583 0.6611111 0.025 0.024074074
3 0.48541668 0.64305556 0.035416666 0.09166667
2 0.503125 0.662963 0.016666668 0.027777778
2 0.51953125 0.66064817 0.013020833 0.021296296
4 0.534375 0.65 0.032291666 0.05740741
2 0.5513021 0.6662037 0.043229166 0.073148146
2 0.5942708 0.68703705 0.08125 0.11481482
1 0.66770834 0.67685187 0.017708333 0.05925926
1 0.8578125 0.6990741 0.039583333 0.11851852
0 0.89713544 0.6861111 0.019270834 0.11851852
2 0.98854166 0.6796296 0.022916667 0.05185185
