1 0.17265625 0.6759259 0.0140625 0.03888889
1 0.19817708 0.67453706 0.0140625 0.036111113
1 0.20807292 0.67453706 0.011979166 0.03425926
2 0.25364584 0.6726852 0.088541664 0.058333334
2 0.28489584 0.6800926 0.10104167 0.09351852
2 0.35729167 0.6722222 0.025 0.037037037
2 0.36927083 0.6736111 0.017708333 0.030555556
3 0.39609376 0.6564815 0.0328125 0.06481481
2 0.4125 0.67314816 0.048958335 0.048148148
2 0.43203124 0.6722222 0.0234375 0.03888889
1 0.45885417 0.6805556 0.029166667 0.05740741
2 0.4684896 0.67175925 0.0234375 0.043518517
2 0.5078125 0.66944444 0.020833334 0.048148148
2 0.5466146 0.6824074 0.09947917 0.05740741
1 0.66484374 0.67777777 0.008854167 0.03888889
2 0.7377604 0.68472224 0.09322917 0.05462963
0 0.79375 0.68564814 0.008333334 0.043518517
2 0.89973956 0.68796295 0.0859375 0.05185185
1 0.93880206 0.69814813 0.030729167 0.07777778
3 0.9296875 0.65694445 0.1375 0.117592596
