2 0.029427083 0.6837963 0.058854166 0.24537037
2 0.055989582 0.6300926 0.1109375 0.16944444
0 0.15859374 0.60833335 0.0171875 0.09259259
1 0.23307292 0.61203706 0.0265625 0.07037037
0 0.240625 0.61851853 0.01875 0.09259259
2 0.34140626 0.6365741 0.09010417 0.10462963
2 0.3981771 0.6189815 0.0390625 0.049074072
2 0.4127604 0.61851853 0.031770833 0.044444446
2 0.46640626 0.64074075 0.0828125 0.13333334
2 0.50416666 0.6337963 0.0375 0.06574074
2 0.528125 0.6263889 0.023958333 0.032407407
1 0.56041664 0.6398148 0.034375 0.07962963
1 0.7679688 0.68101853 0.055729166 0.11388889
0 0.91614586 0.6861111 0.027083334 0.1388889
1 0.9505208 0.6736111 0.033333335 0.14351852
0 0.96953124 0.6921296 0.027604166 0.14907408
0 0.99010414 0.6828704 0.019791666 0.13425925
0 0.87291664 0.64166665 0.019791666 0.10925926
3 0.57109374 0.6134259 0.033854168 0.06388889
