2 0.067447916 0.77731484 0.13489583 0.44351852
4 0.112239584 0.5833333 0.20052083 0.21296297
2 0.25286457 0.6398148 0.07447917 0.07962963
2 0.3278646 0.6486111 0.071354166 0.097222224
2 0.37421876 0.63703704 0.0390625 0.05925926
2 0.38984376 0.6310185 0.028645834 0.05277778
2 0.40833333 0.6328704 0.028125 0.032407407
2 0.42447916 0.6273148 0.017708333 0.028703704
3 0.4049479 0.6134259 0.0203125 0.049074072
2 0.4596354 0.6328704 0.046354167 0.04537037
1 0.5054687 0.63564813 0.008854167 0.039814815
1 0.5265625 0.65324074 0.016666668 0.06574074
1 0.55598956 0.65324074 0.022395832 0.06574074
1 0.6041667 0.66851854 0.034375 0.10185185
5 0.48645833 0.6375 0.017708333 0.047222223
1 0.9117187 0.76203704 0.11510417 0.31296295
0 0.6059896 0.66064817 0.024479168 0.08055556
0 0.9203125 0.71944445 0.08645833 0.22962964
