1 0.8619792 0.74814814 0.035416666 0.09074074
2 0.049479168 0.80601853 0.098958336 0.23425926
2 0.059114583 0.7259259 0.0453125 0.09259259
2 0.54270834 0.7351852 0.11666667 0.09259259
2 0.284375 0.7185185 0.053125 0.042592593
2 0.23463541 0.72037035 0.061979167 0.06111111
2 0.20364584 0.70694447 0.042708334 0.0712963
2 0.15338542 0.72037035 0.058854166 0.083333336
2 0.11145833 0.6967593 0.01875 0.025
2 0.098958336 0.6759259 0.009375 0.016666668
3 0.1390625 0.6824074 0.019791666 0.024074074
3 0.12083333 0.66805553 0.010416667 0.023148147
3 0.084635414 0.6675926 0.011979166 0.024074074
2 0.035677083 0.71481484 0.036979165 0.05
