2 0.07734375 0.70787036 0.1546875 0.21944444
2 0.35234374 0.68101853 0.0984375 0.108333334
3 0.275 0.3425926 0.14791666 0.12222222
1 0.59453124 0.6689815 0.018229166 0.036111113
1 0.4153646 0.65324074 0.0078125 0.03425926
1 0.4375 0.65324074 0.009375 0.039814815
1 0.4466146 0.65416664 0.0078125 0.037962962
2 0.48958334 0.65694445 0.015625 0.025
2 0.50572914 0.66064817 0.01875 0.026851851
2 0.51953125 0.66064817 0.015104166 0.023148147
2 0.53489584 0.6634259 0.019791666 0.025
4 0.56458336 0.649537 0.017708333 0.037962962
2 0.67578125 0.6703704 0.018229166 0.022222223
1 0.9557292 0.71574074 0.034375 0.09259259
1 0.9216146 0.6953704 0.021354167 0.048148148
0 0.8908854 0.69305557 0.013020833 0.037962962
0 0.85520834 0.6861111 0.009375 0.033333335
1 0.97864586 0.7050926 0.016666668 0.037962962
0 0.853125 0.6800926 0.0072916667 0.028703704
1 0.8221354 0.68472224 0.013020833 0.03425926
