1 0.15625 0.6087963 0.023958333 0.05277778
1 0.18984374 0.6074074 0.0234375 0.044444446
1 0.22005208 0.6064815 0.021354167 0.046296295
1 0.24713542 0.60555553 0.021354167 0.048148148
0 0.27890626 0.600463 0.021354167 0.09166667
1 0.35234374 0.650463 0.12135417 0.225
3 0.43854168 0.5847222 0.060416665 0.09537037
2 0.5140625 0.60833335 0.119791664 0.07962963
2 0.5726563 0.61944443 0.046354167 0.046296295
1 0.6309896 0.60231483 0.009895833 0.039814815
1 0.7466146 0.6703704 0.0796875 0.22222222
0 0.7789062 0.6134259 0.013020833 0.058333334
1 0.85234374 0.6773148 0.0859375 0.2361111
1 0.91822916 0.6625 0.061458334 0.26759258
2 0.9476563 0.61851853 0.1046875 0.06851852
