0 0.09921875 0.66481483 0.013020833 0.044444446
1 0.2140625 0.6666667 0.014583333 0.03888889
2 0.34375 0.6662037 0.026041666 0.036111113
2 0.35859376 0.65787035 0.0328125 0.050925925
3 0.3796875 0.65 0.038541667 0.06851852
2 0.47135416 0.6666667 0.016666668 0.025925925
2 0.48802084 0.6652778 0.017708333 0.028703704
0 0.5453125 0.6736111 0.010416667 0.047222223
2 0.5158854 0.66805553 0.059895832 0.05277778
2 0.6333333 0.6722222 0.128125 0.08148148
3 0.6625 0.6597222 0.07083333 0.08240741
0 0.7328125 0.67777777 0.010416667 0.046296295
2 0.7815104 0.6791667 0.0796875 0.060185187
2 0.8276042 0.6824074 0.13958333 0.072222225
