0 0.07994792 0.6337963 0.013020833 0.05648148
2 0.34479168 0.64398146 0.05625 0.0712963
2 0.30390626 0.62222224 0.0546875 0.096296296
2 0.38671875 0.62824076 0.016145833 0.025
2 0.41223958 0.6236111 0.013020833 0.019444445
2 0.44348958 0.6412037 0.0421875 0.06574074
2 0.4908854 0.63796294 0.0265625 0.044444446
2 0.5080729 0.6398148 0.043229166 0.055555556
2 0.5395833 0.6263889 0.036458332 0.021296296
0 0.61875 0.6412037 0.009375 0.04537037
3 0.8356771 0.6157407 0.32864583 0.38703704
3 0.48072916 0.6226852 0.033333335 0.060185187
