2 0.80598956 0.71018517 0.118229166 0.12592593
2 0.7502604 0.6949074 0.086979166 0.09907407
2 0.6664063 0.6805556 0.047395833 0.06666667
0 0.6375 0.67546296 0.014583333 0.06944445
5 0.6119792 0.68333334 0.045833334 0.12962963
2 0.63125 0.66805553 0.030208332 0.043518517
0 0.4671875 0.6638889 0.011458334 0.072222225
1 0.52916664 0.65787035 0.0052083335 0.028703704
0 0.49739584 0.650463 0.004166667 0.025
2 0.54322916 0.65416664 0.011458334 0.017592592
2 0.5484375 0.6527778 0.010416667 0.014814815
1 0.571875 0.66064817 0.008333334 0.026851851
