0 0.007552083 0.6148148 0.015104166 0.09074074
1 0.054947916 0.62222224 0.0265625 0.07962963
1 0.0765625 0.62314814 0.019791666 0.087037034
2 0.052083332 0.6226852 0.088541664 0.05648148
0 0.15026042 0.62685186 0.009895833 0.05185185
1 0.1875 0.62824076 0.025 0.073148146
1 0.22864583 0.62777776 0.016666668 0.062962964
0 0.3361979 0.63148147 0.0078125 0.03888889
2 0.38489583 0.6300926 0.042708334 0.05648148
2 0.43046874 0.6388889 0.0484375 0.06481481
4 0.46692708 0.62453705 0.018229166 0.032407407
1 0.53255206 0.64166665 0.016145833 0.062962964
2 0.61354166 0.649537 0.052083332 0.06759259
2 0.6614583 0.6736111 0.09791667 0.11203704
2 0.9039062 0.6657407 0.0921875 0.05740741
1 0.9888021 0.6726852 0.0203125 0.049074072
1 0.259375 0.63148147 0.009375 0.042592593
0 0.82109374 0.65925926 0.011979166 0.042592593
0 0.8382813 0.6611111 0.0109375 0.04074074
0 0.9690104 0.67546296 0.008854167 0.043518517
0 0.959375 0.67314816 0.010416667 0.044444446
