2 0.045572918 0.7222222 0.091145836 0.2037037
1 0.15182291 0.7 0.0515625 0.10185185
1 0.3015625 0.68935186 0.03125 0.08796296
1 0.3453125 0.6898148 0.034375 0.062962964
2 0.4533854 0.6828704 0.061979167 0.075
2 0.5122396 0.68564814 0.053645834 0.073148146
2 0.6039063 0.70046294 0.15677084 0.106481485
2 0.67552084 0.6796296 0.052083332 0.09074074
4 0.615625 0.65555555 0.051041666 0.11296296
2 0.84479165 0.7046296 0.15625 0.11296296
2 0.9716146 0.6375 0.0234375 0.041666668
2 0.9669271 0.6703704 0.033854168 0.042592593
