2 0.06588542 0.71805555 0.13177083 0.2175926
1 0.15234375 0.70092595 0.0140625 0.04074074
1 0.18984374 0.6990741 0.0109375 0.03888889
2 0.2971354 0.68425924 0.036979165 0.04074074
3 0.36145833 0.66064817 0.058333334 0.08981481
2 0.39270833 0.6773148 0.025 0.036111113
2 0.40911457 0.67546296 0.0203125 0.030555556
2 0.44166666 0.6689815 0.011458334 0.015740741
1 0.5239583 0.67777777 0.0072916667 0.02962963
0 0.6153646 0.67175925 0.008854167 0.041666668
4 0.48255208 0.65925926 0.009895833 0.018518519
