2 0.11328125 0.66851854 0.16510417 0.15925926
2 0.38645834 0.64537036 0.022916667 0.033333335
2 0.43072918 0.6421296 0.010416667 0.017592592
2 0.43828124 0.6402778 0.009895833 0.015740741
1 0.49010417 0.65324074 0.009375 0.043518517
2 0.51432294 0.6587963 0.043229166 0.04537037
0 0.5442708 0.6527778 0.008333334 0.055555556
0 0.5513021 0.6527778 0.008854167 0.055555556
0 0.6273438 0.65787035 0.0109375 0.06388889
1 0.56875 0.6564815 0.023958333 0.048148148
2 0.46510416 0.64166665 0.009375 0.014814815
