1 0.5315104 0.6458333 0.018229166 0.05648148
1 0.50416666 0.64166665 0.010416667 0.042592593
1 0.49296874 0.6402778 0.009895833 0.039814815
1 0.48046875 0.63796294 0.008854167 0.04074074
2 0.4294271 0.6240741 0.0171875 0.024074074
2 0.41302082 0.62175924 0.011458334 0.017592592
2 0.39479166 0.6310185 0.023958333 0.032407407
3 0.3903646 0.61388886 0.0171875 0.04074074
2 0.14244792 0.62685186 0.0796875 0.08888889
2 0.32213542 0.65092593 0.08385417 0.107407406
2 0.35625 0.6273148 0.022916667 0.032407407
2 0.36640626 0.625 0.021354167 0.031481482
