2 0.96953124 0.6300926 0.058854166 0.10092592
2 0.94661456 0.64166665 0.0953125 0.09259259
2 0.91536456 0.6375 0.13697916 0.08981481
2 0.8856771 0.6365741 0.118229166 0.08240741
2 0.8559896 0.6328704 0.10989583 0.09351852
2 0.7447917 0.6287037 0.06666667 0.042592593
2 0.578125 0.6486111 0.096875 0.11574074
2 0.6351563 0.61851853 0.033854168 0.027777778
2 0.4908854 0.6212963 0.0265625 0.03888889
2 0.45911458 0.62685186 0.031770833 0.046296295
4 0.3953125 0.60555553 0.015625 0.031481482
2 0.21875 0.6226852 0.046875 0.04537037
