0 0.13463542 0.62824076 0.008854167 0.047222223
1 0.20807292 0.6240741 0.009895833 0.037037037
0 0.19713542 0.6273148 0.0067708334 0.037962962
2 0.17578125 0.62222224 0.038020834 0.027777778
3 0.18984374 0.6050926 0.069270834 0.050925925
4 0.34973958 0.60694444 0.036979165 0.050925925
2 0.37994793 0.6449074 0.08385417 0.10092592
2 0.40911457 0.6402778 0.047395833 0.07685185
2 0.42473957 0.6328704 0.033854168 0.05648148
2 0.44739583 0.6236111 0.03125 0.049074072
2 0.45989582 0.6212963 0.020833334 0.037037037
2 0.4768229 0.6157407 0.015104166 0.025925925
2 0.5421875 0.6550926 0.11875 0.18425927
2 0.7361979 0.74351853 0.35052082 0.38703704
0 0.86927086 0.6574074 0.020833334 0.05740741
