0 0.15963541 0.6449074 0.056770835 0.22685185
0 0.15572916 0.64305556 0.057291668 0.20648149
2 0.104427084 0.63611114 0.20677084 0.18518518
2 0.26770833 0.62222224 0.253125 0.22592592
2 0.45208332 0.63842595 0.196875 0.19537038
1 0.67317706 0.7523148 0.16822916 0.29722223
2 0.5864583 0.662037 0.18958333 0.1425926
0 0.5942708 0.66157407 0.023958333 0.175
1 0.72526044 0.6791667 0.100520834 0.18796296
2 0.7015625 0.6462963 0.190625 0.17037037
2 0.8020833 0.66944444 0.14166667 0.11111111
0 0.7817708 0.6328704 0.015625 0.097222224
2 0.90494794 0.65925926 0.1671875 0.12592593
2 0.9559896 0.6722222 0.086979166 0.094444446
