2 0.030989584 0.6324074 0.056770835 0.03888889
2 0.102864586 0.6388889 0.07864583 0.048148148
2 0.140625 0.62453705 0.042708334 0.032407407
2 0.1734375 0.6226852 0.035416666 0.026851851
2 0.22916667 0.62824076 0.059375 0.037962962
1 0.24505208 0.64537036 0.024479168 0.048148148
2 0.2580729 0.6157407 0.043229166 0.031481482
2 0.31328124 0.625 0.055729166 0.04074074
2 0.36927083 0.61157405 0.0625 0.037962962
2 0.3703125 0.66481483 0.048958335 0.083333336
2 0.33880207 0.6935185 0.0890625 0.12777779
2 0.42864582 0.6078704 0.05625 0.036111113
4 0.45234376 0.58194447 0.10364583 0.058333334
1 0.50859374 0.6175926 0.030729167 0.046296295
2 0.46380207 0.6703704 0.058854166 0.087037034
1 0.55546874 0.6166667 0.030729167 0.048148148
2 0.5473958 0.59212965 0.047916666 0.037962962
2 0.5786458 0.5875 0.039583333 0.028703704
2 0.63697916 0.59537035 0.061458334 0.03888889
2 0.70520836 0.5888889 0.065625 0.046296295
1 0.6890625 0.60601854 0.035416666 0.04537037
1 0.7427083 0.59907407 0.020833334 0.044444446
1 0.76354164 0.59814817 0.023958333 0.046296295
2 0.7338542 0.58148146 0.033333335 0.037037037
2 0.87578124 0.5712963 0.0515625 0.046296295
2 0.94921875 0.6287037 0.100520834 0.10555556
2 0.91276044 0.62546295 0.10885417 0.08425926
2 0.098697916 0.88611114 0.19739583 0.22777778
