2 0.016145833 0.6365741 0.032291666 0.04537037
2 0.04140625 0.6486111 0.07760417 0.058333334
2 0.3125 0.65925926 0.061458334 0.074074075
2 0.3752604 0.6462963 0.0328125 0.024074074
2 0.40911457 0.6597222 0.031770833 0.043518517
2 0.45234376 0.6652778 0.0328125 0.043518517
2 0.48932293 0.65092593 0.0203125 0.025925925
2 0.509375 0.65462965 0.042708334 0.033333335
2 0.5932292 0.65694445 0.016666668 0.017592592
3 0.23046875 0.47592592 0.11927083 0.08888889
2 0.56328124 0.6560185 0.011979166 0.015740741
2 0.5658854 0.650463 0.009895833 0.023148147
0 0.6752604 0.66157407 0.0078125 0.023148147
