3 0.029166667 0.6101852 0.057291668 0.15185185
2 0.10598958 0.6412037 0.061979167 0.0712963
2 0.17135416 0.6375 0.048958335 0.047222223
2 0.22265625 0.6273148 0.028645834 0.03425926
3 0.24479167 0.6166667 0.051041666 0.05185185
3 0.28333333 0.62083334 0.029166667 0.03425926
3 0.31510416 0.61203706 0.019791666 0.033333335
3 0.3268229 0.61157405 0.013020833 0.03425926
2 0.28020832 0.6898148 0.088541664 0.11111111
2 0.440625 0.70787036 0.18333334 0.35833332
3 0.5807292 0.6263889 0.1375 0.2361111
3 0.71223956 0.61944443 0.13385417 0.20925926
3 0.8932292 0.67083335 0.21354167 0.65833336
