2 0.08828125 0.712037 0.1734375 0.3314815
2 0.23880209 0.6921296 0.27447918 0.16944444
2 0.43958333 0.6759259 0.09375 0.11666667
2 0.48046875 0.66851854 0.0640625 0.085185185
2 0.52473956 0.6574074 0.040104166 0.074074075
0 0.55078125 0.6550926 0.011979166 0.050925925
2 0.56875 0.650463 0.015625 0.025
1 0.58958334 0.6550926 0.009375 0.039814815
0 0.64479166 0.6736111 0.020833334 0.121296294
2 0.6617187 0.65555555 0.06302083 0.05
0 0.6122396 0.65694445 0.0078125 0.037962962
0 0.6205729 0.65185183 0.0067708334 0.037037037
