2 0.05078125 0.65925926 0.100520834 0.17222223
3 0.14583333 0.63796294 0.108333334 0.13333334
3 0.18072917 0.6009259 0.075 0.11851852
2 0.22057292 0.6351852 0.0671875 0.07777778
2 0.24010417 0.6050926 0.042708334 0.043518517
2 0.27057293 0.61388886 0.050520834 0.05925926
2 0.29479167 0.6041667 0.034375 0.05277778
4 0.32395834 0.5865741 0.040625 0.0712963
2 0.34479168 0.59675926 0.015625 0.026851851
2 0.35416666 0.5962963 0.015625 0.025925925
4 0.40963542 0.59166664 0.0546875 0.11296296
0 0.55052084 0.5962963 0.0052083335 0.02962963
1 0.6125 0.6287037 0.017708333 0.06481481
