4 0.04609375 0.6037037 0.0921875 0.2462963
2 0.055208333 0.6912037 0.110416666 0.175
2 0.22317709 0.662963 0.10885417 0.1037037
2 0.28125 0.6402778 0.05625 0.06759259
2 0.31536457 0.64398146 0.0703125 0.09166667
2 0.35078126 0.64398146 0.044270832 0.050925925
2 0.38958332 0.6388889 0.035416666 0.042592593
2 0.41484374 0.6324074 0.028645834 0.044444446
2 0.4294271 0.6273148 0.016145833 0.023148147
2 0.5138021 0.6319444 0.0234375 0.03425926
2 0.5651042 0.63564813 0.035416666 0.04537037
3 0.80625 0.5416667 0.321875 0.52037036
3 0.38385418 0.6263889 0.039583333 0.047222223
2 0.5520833 0.62546295 0.016666668 0.021296296
