2 0.14348958 0.63842595 0.0546875 0.041666668
2 0.30755207 0.6421296 0.059895832 0.06944445
3 0.3328125 0.60231483 0.06666667 0.097222224
1 0.38958332 0.6134259 0.009375 0.028703704
3 0.4221354 0.6125 0.031770833 0.075
2 0.4372396 0.6236111 0.018229166 0.026851851
1 0.5151042 0.62222224 0.008333334 0.033333335
1 0.5315104 0.62222224 0.008854167 0.035185184
1 0.54609376 0.6226852 0.0109375 0.03425926
1 0.5580729 0.62175924 0.011979166 0.03425926
1 0.5875 0.62083334 0.011458334 0.032407407
1 0.58229166 0.63472223 0.0125 0.043518517
1 0.6117188 0.6425926 0.0109375 0.05925926
1 0.625 0.6412037 0.015625 0.060185187
1 0.6752604 0.650463 0.0234375 0.0712963
