2 0.09140625 0.63611114 0.100520834 0.09074074
2 0.17708333 0.6342593 0.11354167 0.12407407
2 0.23802084 0.6365741 0.06666667 0.08796296
3 0.26822916 0.5763889 0.098958336 0.175
2 0.31536457 0.62453705 0.0328125 0.05277778
2 0.32734376 0.62453705 0.027604166 0.04537037
3 0.36015624 0.61435187 0.022395832 0.037962962
2 0.3986979 0.6180556 0.011979166 0.021296296
4 0.4143229 0.6111111 0.011979166 0.025925925
2 0.38385418 0.6157407 0.010416667 0.014814815
3 0.48333332 0.58518517 0.053125 0.15185185
2 0.5216146 0.64537036 0.0703125 0.098148145
2 0.63984376 0.68101853 0.1765625 0.2175926
0 0.77473956 0.6550926 0.016145833 0.08055556
0 0.8028646 0.6550926 0.018229166 0.09166667
