3 0.19296876 0.6550926 0.10572917 0.121296294
1 0.09609375 0.66805553 0.021354167 0.060185187
4 0.24010417 0.6527778 0.08645833 0.074074075
2 0.26380208 0.6652778 0.0421875 0.05648148
2 0.31171876 0.67083335 0.058854166 0.062037036
3 0.3513021 0.66018516 0.025520833 0.05185185
2 0.38880208 0.68472224 0.0640625 0.09166667
2 0.5078125 0.7638889 0.25104168 0.40185186
2 0.67552084 0.7175926 0.15 0.21111111
0 0.79817706 0.6944444 0.019270834 0.098148145
2 0.9036458 0.7439815 0.19166666 0.22870371
3 0.3997396 0.6351852 0.041145835 0.062962964
