2 0.9671875 0.64305556 0.065625 0.09166667
2 0.94166666 0.63472223 0.110416666 0.09166667
1 0.88697916 0.64166665 0.040625 0.11296296
1 0.8653646 0.6425926 0.034895834 0.10555556
2 0.85052085 0.6300926 0.10208333 0.07685185
2 0.8122396 0.6273148 0.09322917 0.06759259
2 0.65989584 0.6111111 0.058333334 0.042592593
2 0.6453125 0.61527777 0.039583333 0.037962962
2 0.6354167 0.6148148 0.035416666 0.037037037
2 0.5984375 0.6162037 0.034375 0.023148147
1 0.6 0.6226852 0.011458334 0.049074072
2 0.54270834 0.6449074 0.08125 0.11203704
2 0.5033854 0.6180556 0.0265625 0.039814815
2 0.46979168 0.62314814 0.033333335 0.046296295
2 0.114322916 0.61388886 0.0453125 0.053703703
