2 0.028645834 0.6212963 0.057291668 0.042592593
0 0.08567708 0.62685186 0.016145833 0.075925924
0 0.100520834 0.6342593 0.015625 0.074074075
0 0.11276042 0.6287037 0.0109375 0.055555556
0 0.12838541 0.6240741 0.009895833 0.046296295
0 0.14635417 0.6259259 0.0072916667 0.037037037
0 0.17369792 0.62546295 0.008854167 0.041666668
2 0.22760417 0.6300926 0.067708336 0.06574074
2 0.34010416 0.6337963 0.060416665 0.036111113
2 0.48229167 0.63842595 0.019791666 0.030555556
2 0.53489584 0.69166666 0.121875 0.17962962
2 0.6244792 0.6527778 0.08020833 0.12222222
2 0.6695312 0.6837963 0.1109375 0.13611111
1 0.7945312 0.6597222 0.0140625 0.06759259
1 0.825 0.66157407 0.027083334 0.0712963
1 0.85546875 0.6625 0.025520833 0.058333334
1 0.9013021 0.66064817 0.0234375 0.060185187
2 0.7757813 0.65185183 0.071354166 0.05185185
0 0.9739583 0.6634259 0.016666668 0.08055556
2 0.87708336 0.6574074 0.088541664 0.044444446
0 0.425 0.6375 0.0072916667 0.026851851
