0 0.110677086 0.62083334 0.013020833 0.058333334
1 0.16119792 0.63611114 0.021354167 0.062962964
2 0.27526042 0.63564813 0.06822917 0.0787037
2 0.35416666 0.5972222 0.034375 0.046296295
3 0.40833333 0.56296295 0.044791665 0.10925926
2 0.46354166 0.5888889 0.058333334 0.12962963
2 0.56041664 0.62175924 0.057291668 0.0787037
2 0.5434896 0.600463 0.0390625 0.073148146
2 0.5346354 0.5935185 0.0421875 0.07037037
4 0.5174479 0.56574076 0.0359375 0.07777778
0 0.8716146 0.6513889 0.038020834 0.15833333
2 0.7973958 0.5902778 0.092708334 0.06944445
2 0.7445313 0.58055556 0.071354166 0.05925926
3 0.0515625 0.6912037 0.103125 0.25277779
3 0.9575521 0.59305555 0.084895834 0.121296294
2 0.9145833 0.59444445 0.096875 0.1037037
3 0.47578126 0.54212964 0.034895834 0.08240741
0 0.94114584 0.6074074 0.022916667 0.12222222
