2 0.06588542 0.64166665 0.0703125 0.037037037
0 0.11328125 0.64074075 0.0078125 0.044444446
0 0.13776042 0.6425926 0.0078125 0.04074074
0 0.14244792 0.64305556 0.009895833 0.036111113
2 0.24322917 0.6828704 0.13125 0.14537036
2 0.34166667 0.6564815 0.059375 0.06851852
2 0.37604168 0.64768517 0.036458332 0.047222223
4 0.35677084 0.6259259 0.044791665 0.074074075
2 0.40546876 0.64166665 0.025520833 0.037037037
2 0.5234375 0.7592593 0.24791667 0.3611111
4 0.48828125 0.6342593 0.15364583 0.36481482
2 0.89270836 0.7583333 0.2125 0.31666666
