2 0.3578125 0.66851854 0.046875 0.06111111
2 0.40234375 0.6564815 0.024479168 0.033333335
2 0.32213542 0.6652778 0.0328125 0.047222223
2 0.24479167 0.68564814 0.13229166 0.13055556
1 0.18541667 0.65694445 0.013541667 0.05277778
0 0.106510416 0.66064817 0.0109375 0.049074072
3 0.47239584 0.6310185 0.06875 0.1712963
2 0.50911456 0.65694445 0.009895833 0.015740741
2 0.5158854 0.66064817 0.015104166 0.026851851
2 0.52916664 0.6666667 0.022916667 0.037037037
2 0.56875 0.6837963 0.072916664 0.106481485
4 0.6578125 0.64305556 0.13645834 0.18611111
1 0.7632812 0.6925926 0.024479168 0.083333336
2 0.8950521 0.662963 0.061979167 0.053703703
