0 0.74869794 0.66712964 0.022395832 0.10462963
1 0.42916667 0.68564814 0.013541667 0.06759259
1 0.41588542 0.675 0.0067708334 0.025925925
0 0.38671875 0.6773148 0.008854167 0.05277778
2 0.38072917 0.6736111 0.010416667 0.019444445
2 0.35833332 0.67685187 0.023958333 0.031481482
2 0.3046875 0.6773148 0.027083334 0.032407407
2 0.21692708 0.68101853 0.08177083 0.10092592
2 0.10598958 0.6662037 0.0546875 0.05648148
2 0.054947916 0.662963 0.0609375 0.06666667
2 0.01953125 0.66157407 0.038020834 0.08240741
