2 0.1671875 0.7199074 0.334375 0.46388888
2 0.4953125 0.6634259 0.067708336 0.05462963
2 0.5080729 0.6722222 0.0609375 0.053703703
2 0.5289062 0.67546296 0.07864583 0.05648148
2 0.54036456 0.6773148 0.07864583 0.05648148
2 0.5776042 0.6703704 0.08229167 0.07037037
2 0.63125 0.67453706 0.128125 0.11388889
2 0.6851562 0.6837963 0.18802084 0.11574074
2 0.7736979 0.70694447 0.3328125 0.21574074
1 0.7135417 0.775463 0.128125 0.37685186
0 0.91197914 0.66064817 0.026041666 0.175
0 0.89921874 0.66018516 0.0421875 0.16851851
2 0.91197914 0.65462965 0.109375 0.085185185
2 0.9398438 0.63472223 0.071354166 0.06944445
2 0.9632813 0.6402778 0.071354166 0.06944445
2 0.98046875 0.65 0.038020834 0.098148145
3 0.475 0.65185183 0.053125 0.072222225
