2 0.9820312 0.6689815 0.0359375 0.05277778
2 0.91484374 0.6657407 0.086979166 0.06111111
2 0.85807294 0.66481483 0.0734375 0.053703703
1 0.8140625 0.66157407 0.016666668 0.05277778
1 0.80260414 0.66712964 0.015625 0.058333334
1 0.7625 0.6638889 0.03125 0.05185185
1 0.7815104 0.6652778 0.0265625 0.04537037
2 0.02421875 0.6550926 0.047395833 0.08425926
2 0.048697915 0.64305556 0.058854166 0.06759259
2 0.088541664 0.64398146 0.046875 0.047222223
4 0.122135416 0.6212963 0.08177083 0.072222225
2 0.24270834 0.6402778 0.061458334 0.062037036
3 0.4752604 0.63148147 0.1390625 0.33703703
2 0.684375 0.71435183 0.12916666 0.1675926
2 0.5708333 0.662037 0.055208333 0.10555556
3 0.35651043 0.6212963 0.034895834 0.044444446
