0 0.18697916 0.6736111 0.014583333 0.09351852
0 0.20885417 0.66712964 0.017708333 0.10092592
2 0.36510417 0.65925926 0.084375 0.05740741
2 0.4455729 0.65694445 0.07447917 0.05277778
2 0.5033854 0.6796296 0.07760417 0.13518518
2 0.5278646 0.6587963 0.06302083 0.043518517
0 0.6013021 0.6643519 0.009895833 0.075
0 0.6432292 0.66018516 0.011458334 0.06666667
0 0.6721354 0.67685187 0.0171875 0.1037037
0 0.69739586 0.6837963 0.016666668 0.09166667
0 0.73125 0.6791667 0.016666668 0.11388889
2 0.8882812 0.7875 0.22135417 0.3287037
1 0.8091146 0.76111114 0.18697916 0.47037038
