2 0.027083334 0.6300926 0.054166667 0.08055556
2 0.0640625 0.6472222 0.08020833 0.07037037
2 0.17239584 0.6402778 0.08541667 0.06759259
2 0.22916667 0.6398148 0.06666667 0.05740741
2 0.32239583 0.6597222 0.053125 0.06388889
1 0.34557292 0.6625 0.024479168 0.08981481
1 0.38463542 0.6513889 0.0140625 0.043518517
2 0.39244792 0.63703704 0.033854168 0.025925925
2 0.51484376 0.64398146 0.018229166 0.025
2 0.5338542 0.6412037 0.0125 0.017592592
1 0.55885416 0.6490741 0.008333334 0.035185184
1 0.56328124 0.64768517 0.0078125 0.03425926
1 0.575 0.6550926 0.011458334 0.047222223
1 0.60286456 0.6550926 0.013020833 0.050925925
1 0.64921874 0.67314816 0.033854168 0.11296296
2 0.49895832 0.6375 0.009375 0.013888889
