5 0.012760417 0.6958333 0.025520833 0.11203704
0 0.0125 0.63564813 0.011458334 0.0712963
2 0.051822916 0.67685187 0.10364583 0.1037037
2 0.04453125 0.64166665 0.086979166 0.083333336
2 0.10520833 0.6421296 0.08229167 0.08425926
2 0.14401041 0.77962965 0.2296875 0.2462963
1 0.22760417 0.662963 0.029166667 0.072222225
1 0.19713542 0.6324074 0.0140625 0.046296295
0 0.2955729 0.6402778 0.011979166 0.0787037
2 0.3596354 0.6240741 0.0296875 0.055555556
3 0.38828126 0.6111111 0.059895832 0.12592593
2 0.41822916 0.60694444 0.009375 0.021296296
2 0.42395833 0.60462964 0.010416667 0.02037037
2 0.46015626 0.59814817 0.009895833 0.016666668
4 0.46510416 0.5875 0.009375 0.017592592
2 0.44921875 0.6037037 0.011979166 0.018518519
2 0.48151043 0.599537 0.009895833 0.021296296
2 0.47395834 0.61851853 0.027083334 0.03888889
2 0.46380207 0.6425926 0.043229166 0.062962964
2 0.57239586 0.6018519 0.036458332 0.027777778
2 0.5864583 0.6078704 0.047916666 0.028703704
2 0.6166667 0.6101852 0.051041666 0.04074074
2 0.6421875 0.6134259 0.059375 0.039814815
3 0.68880206 0.587037 0.09739583 0.14629629
