0 0.008854167 0.60925925 0.017708333 0.16296296
2 0.065625 0.6013889 0.08125 0.0787037
0 0.096354164 0.59305555 0.026041666 0.08796296
0 0.1265625 0.60231483 0.01875 0.0787037
2 0.140625 0.6009259 0.0625 0.055555556
2 0.178125 0.59814817 0.047916666 0.05925926
2 0.203125 0.5949074 0.041666668 0.05462963
3 0.20755209 0.5564815 0.07239583 0.046296295
1 0.39479166 0.6074074 0.017708333 0.05
2 0.38671875 0.59166664 0.0546875 0.04074074
0 0.34609374 0.5902778 0.009895833 0.041666668
2 0.5122396 0.66851854 0.15677084 0.2611111
2 0.5861979 0.60833335 0.034895834 0.037037037
1 0.73645836 0.6550926 0.045833334 0.11388889
