3 0.91015625 0.45277777 0.1765625 0.8981481
0 0.7 0.6513889 0.010416667 0.036111113
2 0.61067706 0.65416664 0.046354167 0.075
2 0.5580729 0.6462963 0.036979165 0.04074074
2 0.5080729 0.6458333 0.027604166 0.030555556
2 0.46380207 0.6435185 0.027604166 0.02962963
2 0.43151042 0.6435185 0.022395832 0.031481482
2 0.41979167 0.6458333 0.03125 0.04537037
2 0.37760416 0.662037 0.07083333 0.083333336
2 0.34869793 0.63611114 0.009895833 0.014814815
2 0.325 0.6342593 0.010416667 0.014814815
2 0.3 0.6333333 0.008333334 0.011111111
2 0.09010417 0.6722222 0.18020834 0.11481482
