1 0.13098958 0.6462963 0.015104166 0.044444446
2 0.28020832 0.6490741 0.040625 0.042592593
2 0.30052084 0.64166665 0.035416666 0.044444446
2 0.3346354 0.650463 0.034895834 0.041666668
1 0.35546875 0.6703704 0.040104166 0.096296296
2 0.3841146 0.65092593 0.0390625 0.046296295
2 0.41015625 0.64305556 0.025520833 0.039814815
3 0.42109376 0.62546295 0.0234375 0.049074072
1 0.47552082 0.65833336 0.021875 0.06666667
2 0.49427083 0.63472223 0.009375 0.013888889
2 0.503125 0.6388889 0.010416667 0.014814815
4 0.51770836 0.62824076 0.011458334 0.021296296
1 0.6234375 0.66157407 0.0125 0.05277778
1 0.6486979 0.66064817 0.008854167 0.047222223
1 0.671875 0.66944444 0.015625 0.05925926
1 0.6856771 0.66851854 0.013020833 0.055555556
1 0.76953125 0.6796296 0.031770833 0.06851852
1 0.82682294 0.6722222 0.019270834 0.05925926
