1 0.088541664 0.67777777 0.021875 0.085185185
2 0.24557291 0.70046294 0.0828125 0.06574074
2 0.31458333 0.6925926 0.12708333 0.18333334
2 0.48385417 0.70555556 0.035416666 0.05740741
2 0.4528646 0.69814813 0.018229166 0.025925925
2 0.5434896 0.70416665 0.030729167 0.049074072
4 0.56458336 0.6875 0.044791665 0.073148146
1 0.7057292 0.72407407 0.016666668 0.05925926
1 0.73828125 0.73055553 0.019270834 0.06851852
1 0.82890624 0.7407407 0.0234375 0.05740741
0 0.85572916 0.73425925 0.014583333 0.083333336
