0 0.014322917 0.6935185 0.0109375 0.05
0 0.0044270833 0.6898148 0.008854167 0.05740741
3 0.12421875 0.6462963 0.2046875 0.36666667
2 0.3190104 0.775 0.17760417 0.2574074
2 0.340625 0.712037 0.079166666 0.17407407
2 0.28515625 0.69027776 0.09427083 0.06944445
4 0.30078125 0.6805556 0.058854166 0.12222222
2 0.38854167 0.6990741 0.044791665 0.04074074
1 0.44453126 0.7185185 0.021354167 0.06481481
1 0.43463543 0.7111111 0.013020833 0.055555556
5 0.49010417 0.7328704 0.06458333 0.106481485
2 0.6617187 0.69166666 0.080729164 0.07037037
