2 0.092447914 0.63472223 0.18489583 0.10277778
1 0.16354166 0.64074075 0.047916666 0.12222222
1 0.21770833 0.6296296 0.041666668 0.07777778
2 0.30182293 0.6310185 0.11302083 0.097222224
2 0.39739582 0.63564813 0.057291668 0.06388889
2 0.48177084 0.6365741 0.0375 0.05277778
1 0.5679687 0.6611111 0.0984375 0.17222223
2 0.734375 0.65324074 0.040625 0.05462963
4 0.9242188 0.61064816 0.14947917 0.3824074
1 0.7809896 0.6467593 0.008854167 0.028703704
1 0.8049479 0.6527778 0.008854167 0.044444446
1 0.8169271 0.65416664 0.0109375 0.036111113
1 0.8304688 0.6597222 0.013020833 0.041666668
