2 0.04296875 0.7083333 0.0859375 0.16666667
0 0.20572917 0.662037 0.0125 0.062962964
0 0.21588542 0.67685187 0.013020833 0.083333336
0 0.24505208 0.675 0.0140625 0.075925924
1 0.26328126 0.6722222 0.028645834 0.062962964
2 0.36145833 0.6759259 0.06458333 0.098148145
2 0.40442708 0.66851854 0.0203125 0.024074074
2 0.44453126 0.66805553 0.021354167 0.03425926
2 0.50078124 0.6722222 0.018229166 0.025925925
2 0.5111979 0.6736111 0.021354167 0.032407407
1 0.5231771 0.6888889 0.022395832 0.08148148
2 0.5765625 0.712037 0.12083333 0.17962962
2 0.73229164 0.73194444 0.12604167 0.1675926
2 0.86927086 0.75185186 0.26041666 0.2777778
