0 0.055989582 0.6782407 0.025520833 0.11574074
2 0.30572918 0.6851852 0.046875 0.05740741
2 0.32109374 0.6759259 0.036979165 0.06111111
2 0.35338542 0.67777777 0.0234375 0.042592593
2 0.36640626 0.6782407 0.021354167 0.036111113
2 0.33984375 0.68101853 0.031770833 0.039814815
2 0.38046876 0.67314816 0.0171875 0.031481482
2 0.40442708 0.67314816 0.034895834 0.06111111
2 0.43854168 0.6703704 0.015625 0.022222223
2 0.46692708 0.67638886 0.0203125 0.028703704
2 0.49505207 0.67175925 0.0578125 0.11574074
0 0.5726563 0.67175925 0.008854167 0.05462963
