4 0.48151043 0.62083334 0.1796875 0.3361111
2 0.38958332 0.6064815 0.020833334 0.035185184
2 0.3658854 0.63796294 0.061979167 0.08148148
3 0.38854167 0.56203705 0.01875 0.02962963
3 0.37916666 0.56574076 0.019791666 0.025925925
2 0.3841146 0.5810185 0.0140625 0.017592592
2 0.36354166 0.5763889 0.011458334 0.019444445
2 0.36953124 0.5833333 0.019270834 0.025925925
2 0.3515625 0.58055556 0.015625 0.022222223
2 0.32578126 0.5912037 0.025520833 0.037962962
2 0.34739584 0.6074074 0.033333335 0.05
3 0.325 0.5648148 0.033333335 0.06111111
2 0.30234376 0.5842593 0.028645834 0.024074074
2 0.27708334 0.59212965 0.033333335 0.03425926
1 0.24557291 0.58518517 0.0067708334 0.031481482
1 0.240625 0.5847222 0.0072916667 0.030555556
1 0.22994791 0.587963 0.009895833 0.037037037
1 0.22161458 0.5847222 0.0109375 0.032407407
1 0.21145834 0.58935183 0.008333334 0.03425926
1 0.20208333 0.5875 0.009375 0.036111113
1 0.1453125 0.59675926 0.013541667 0.037962962
1 0.12057292 0.6018519 0.013020833 0.05
1 0.0984375 0.60555553 0.013541667 0.05185185
2 0.17760417 0.6722222 0.1375 0.13148148
2 0.196875 0.61435187 0.060416665 0.05462963
2 0.050260417 0.6236111 0.09947917 0.09351852
2 0.015104166 0.5796296 0.030208332 0.031481482
