2 0.29401043 0.6722222 0.049479168 0.042592593
2 0.3434896 0.6712963 0.0515625 0.037037037
2 0.38385418 0.6837963 0.058333334 0.060185187
2 0.44453126 0.6814815 0.06614583 0.06481481
1 0.48723957 0.67314816 0.015104166 0.04074074
1 0.5151042 0.6699074 0.011458334 0.041666668
2 0.5833333 0.65925926 0.034375 0.04074074
3 0.6734375 0.6486111 0.036458332 0.028703704
2 0.6921875 0.6657407 0.027083334 0.037037037
2 0.7184896 0.66481483 0.016145833 0.025925925
1 0.6596354 0.66851854 0.0109375 0.035185184
2 0.6453125 0.6675926 0.026041666 0.033333335
1 0.63984376 0.6787037 0.022395832 0.06481481
2 0.7765625 0.65324074 0.014583333 0.015740741
2 0.7580729 0.6564815 0.011979166 0.016666668
1 0.80364585 0.6944444 0.03125 0.12222222
2 0.93619794 0.6736111 0.12552084 0.08611111
