0 0.040364582 0.65787035 0.0203125 0.075
3 0.106510416 0.6328704 0.0421875 0.032407407
2 0.12604167 0.63148147 0.047916666 0.022222223
2 0.16979167 0.63055557 0.040625 0.031481482
3 0.2359375 0.6157407 0.0375 0.02962963
0 0.22369792 0.65 0.021354167 0.06481481
2 0.30625 0.6449074 0.047916666 0.05277778
4 0.34114584 0.6125 0.07395833 0.09537037
2 0.38020834 0.63796294 0.040625 0.05185185
2 0.39947918 0.62824076 0.035416666 0.05462963
2 0.41770834 0.6296296 0.021875 0.035185184
2 0.4283854 0.62222224 0.024479168 0.042592593
2 0.4455729 0.61851853 0.021354167 0.037037037
2 0.4578125 0.62083334 0.011458334 0.023148147
3 0.4640625 0.60694444 0.022916667 0.043518517
1 0.6125 0.63148147 0.016666668 0.062962964
