2 0.19609375 0.6402778 0.034895834 0.026851851
1 0.26770833 0.6550926 0.017708333 0.060185187
3 0.3546875 0.6324074 0.057291668 0.03888889
2 0.40520832 0.6486111 0.036458332 0.047222223
2 0.4533854 0.63796294 0.0140625 0.022222223
3 0.4752604 0.625 0.033854168 0.072222225
2 0.5015625 0.63796294 0.011458334 0.024074074
4 0.5190104 0.6324074 0.015104166 0.033333335
2 0.5335938 0.64398146 0.013020833 0.026851851
3 0.5513021 0.6180556 0.038020834 0.09166667
1 0.6138021 0.65 0.0078125 0.03888889
5 0.8153646 0.6953704 0.034895834 0.096296296
