2 0.111979164 0.7625 0.22291666 0.40462962
4 0.22161458 0.62222224 0.1203125 0.1574074
2 0.2955729 0.6472222 0.100520834 0.16666667
2 0.34557292 0.64537036 0.0296875 0.05740741
4 0.38776043 0.6226852 0.06614583 0.11203704
2 0.3971354 0.6490741 0.0640625 0.075925924
4 0.4283854 0.63611114 0.024479168 0.06111111
2 0.45729166 0.65 0.03125 0.053703703
2 0.496875 0.65092593 0.016666668 0.025925925
2 0.48932293 0.64166665 0.0140625 0.035185184
2 0.5841146 0.66944444 0.15364583 0.085185185
1 0.653125 0.6666667 0.015625 0.06666667
2 0.9393229 0.6657407 0.1203125 0.085185185
2 0.47760418 0.6490741 0.013541667 0.022222223
