2 0.4671875 0.7449074 0.28645834 0.36574075
2 0.73828125 0.67314816 0.1484375 0.16481481
5 0.18697916 0.64305556 0.025 0.060185187
1 0.134375 0.66064817 0.030208332 0.08981481
2 0.34739584 0.63611114 0.07083333 0.06481481
2 0.27942708 0.6300926 0.041145835 0.041666668
2 0.22708334 0.64305556 0.063541666 0.037962962
2 0.16770834 0.6425926 0.047916666 0.031481482
2 0.09427083 0.64537036 0.077083334 0.046296295
2 0.061197918 0.64768517 0.0609375 0.04537037
2 0.027864583 0.65185183 0.055729166 0.042592593
2 0.6664063 0.6296296 0.033854168 0.027777778
2 0.6351563 0.62546295 0.0265625 0.017592592
1 0.95703125 0.6398148 0.031770833 0.12407407
