2 0.49010417 0.63611114 0.035416666 0.05925926
2 0.42760417 0.62916666 0.055208333 0.041666668
2 0.30234376 0.6351852 0.065104164 0.042592593
2 0.22838542 0.63703704 0.0859375 0.05925926
1 0.2546875 0.6467593 0.03125 0.097222224
1 0.08229167 0.67777777 0.08229167 0.19629629
2 0.098958336 0.63148147 0.114583336 0.06481481
2 0.0203125 0.63935184 0.039583333 0.06388889
1 0.88645834 0.63703704 0.027083334 0.06111111
1 0.6820313 0.64537036 0.0109375 0.046296295
2 0.6486979 0.6328704 0.022395832 0.03425926
0 0.9927083 0.6421296 0.014583333 0.13425925
