2 0.37421876 0.6736111 0.10572917 0.1287037
2 0.4450521 0.65092593 0.036979165 0.05185185
2 0.4640625 0.6467593 0.025 0.073148146
2 0.57395834 0.7476852 0.25729167 0.375
2 0.1796875 0.66064817 0.015625 0.08981481
2 0.20572917 0.6597222 0.017708333 0.073148146
2 0.128125 0.662037 0.026041666 0.085185185
2 0.013020833 0.66805553 0.022916667 0.13796297
2 0.03046875 0.6652778 0.019270834 0.14166667
2 0.42005208 0.649537 0.025520833 0.05462963
2 0.5101563 0.66064817 0.031770833 0.06759259
2 0.54296875 0.6643519 0.0421875 0.07685185
2 0.8888021 0.6722222 0.106770836 0.11851852
2 0.82239586 0.6425926 0.061458334 0.094444446
2 0.7169271 0.65462965 0.091145836 0.05925926
