0 0.03515625 0.6300926 0.0171875 0.10092592
0 0.019791666 0.6388889 0.013541667 0.07777778
0 0.09713542 0.6412037 0.016145833 0.08055556
0 0.07838542 0.64398146 0.018229166 0.08611111
0 0.19322917 0.6412037 0.014583333 0.0787037
0 0.27135417 0.64444447 0.008333334 0.06111111
2 0.36119792 0.6550926 0.06614583 0.06944445
2 0.43151042 0.6467593 0.031770833 0.041666668
2 0.45 0.6425926 0.01875 0.02962963
2 0.51197916 0.6365741 0.022916667 0.019444445
2 0.49296874 0.63796294 0.009895833 0.014814815
2 0.45703125 0.63842595 0.0140625 0.019444445
2 0.47161457 0.6398148 0.016145833 0.02037037
2 0.9341146 0.80972224 0.1296875 0.36018518
0 0.9770833 0.68796295 0.038541667 0.18888889
2 0.80885416 0.72037035 0.24895833 0.28148147
2 0.69322914 0.6921296 0.10104167 0.13796297
2 0.6216146 0.6611111 0.084895834 0.11851852
2 0.5854167 0.66157407 0.040625 0.062037036
2 0.5648438 0.65 0.031770833 0.048148148
2 0.5494792 0.6375 0.023958333 0.043518517
