2 0.026302082 0.6300926 0.052604165 0.06759259
2 0.15182291 0.6375 0.0859375 0.058333334
1 0.23333333 0.65092593 0.014583333 0.031481482
1 0.26067707 0.650463 0.0140625 0.030555556
2 0.29583332 0.6486111 0.019791666 0.03425926
2 0.32447916 0.6467593 0.025 0.037962962
2 0.37083334 0.64444447 0.072916664 0.044444446
2 0.48359376 0.64166665 0.08802083 0.05
3 0.5388021 0.6166667 0.116145834 0.10555556
1 0.6098958 0.65416664 0.065625 0.121296294
3 0.678125 0.62824076 0.123958334 0.09166667
2 0.8247396 0.6472222 0.053645834 0.037037037
0 0.87578124 0.64305556 0.015104166 0.04537037
5 0.96484375 0.67083335 0.0703125 0.18796296
2 0.346875 0.64305556 0.021875 0.041666668
1 0.27916667 0.65092593 0.009375 0.02962963
