0 0.8361979 0.66712964 0.0234375 0.121296294
1 0.7690104 0.68796295 0.0453125 0.15
0 0.7203125 0.65833336 0.017708333 0.085185185
0 0.709375 0.6550926 0.014583333 0.09351852
0 0.6875 0.65787035 0.015625 0.08425926
1 0.5940104 0.6703704 0.022395832 0.094444446
2 0.64140624 0.6462963 0.0671875 0.046296295
1 0.47395834 0.66064817 0.019791666 0.075
2 0.36796874 0.650463 0.0578125 0.08240741
0 0.33880207 0.64166665 0.0171875 0.05925926
2 0.30989584 0.63148147 0.044791665 0.027777778
3 0.45989582 0.6111111 0.11145833 0.09074074
