0 0.12135417 0.67777777 0.011458334 0.06481481
2 0.14296874 0.67083335 0.021354167 0.021296296
2 0.20026042 0.67685187 0.11302083 0.096296296
2 0.21796875 0.69398147 0.13072917 0.11018518
3 0.43671876 0.6458333 0.16614583 0.19351852
2 0.52994794 0.7060185 0.096354164 0.13796297
2 0.59453124 0.67546296 0.015104166 0.019444445
2 0.58229166 0.67638886 0.010416667 0.015740741
2 0.6203125 0.69166666 0.045833334 0.055555556
2 0.66328126 0.6824074 0.0265625 0.031481482
3 0.6361979 0.6564815 0.0296875 0.05740741
1 0.7268229 0.6925926 0.0140625 0.062962964
