1 0.0859375 0.66157407 0.030208332 0.09166667
1 0.20364584 0.675 0.075 0.12592593
2 0.21328124 0.65231484 0.053645834 0.047222223
2 0.28046876 0.650463 0.041145835 0.041666668
2 0.303125 0.6435185 0.03125 0.046296295
2 0.3359375 0.650463 0.036458332 0.047222223
2 0.35833332 0.64305556 0.026041666 0.041666668
2 0.38541666 0.65231484 0.036458332 0.043518517
2 0.41223958 0.64166665 0.021354167 0.035185184
3 0.42005208 0.6287037 0.0234375 0.053703703
0 0.48828125 0.6587963 0.0140625 0.058333334
4 0.521875 0.6310185 0.023958333 0.049074072
3 0.67604166 0.66481483 0.14583333 0.1
0 0.7973958 0.6703704 0.01875 0.074074075
