2 0.8908854 0.74583334 0.2171875 0.39907408
1 0.7317708 0.6657407 0.027083334 0.055555556
1 0.71484375 0.6675926 0.033854168 0.053703703
0 0.6921875 0.66157407 0.0072916667 0.047222223
1 0.6736979 0.66481483 0.0328125 0.053703703
1 0.64192706 0.6652778 0.015104166 0.05277778
2 0.59505206 0.6611111 0.07760417 0.107407406
4 0.46822917 0.6101852 0.121875 0.24259259
2 0.39348957 0.662037 0.0421875 0.05925926
0 0.1546875 0.650463 0.009375 0.049074072
0 0.14557292 0.65185183 0.008854167 0.03888889
2 0.077083334 0.68703705 0.15208334 0.14629629
