2 0.9661458 0.5949074 0.067708336 0.075
1 0.8796875 0.6018519 0.027083334 0.05740741
2 0.82239586 0.6134259 0.12708333 0.0787037
2 0.7895833 0.6018519 0.090625 0.062962964
1 0.70729166 0.6111111 0.020833334 0.044444446
1 0.6856771 0.6111111 0.025520833 0.044444446
1 0.65546876 0.6111111 0.0234375 0.044444446
0 0.5080729 0.6851852 0.0640625 0.43148148
2 0.48932293 0.6171296 0.1015625 0.06759259
2 0.4518229 0.6037037 0.034895834 0.053703703
0 0.43854168 0.662037 0.09375 0.40185186
2 0.3580729 0.6157407 0.1484375 0.096296296
2 0.28645834 0.61851853 0.09583333 0.06666667
2 0.22447917 0.64768517 0.11770833 0.14907408
2 0.06848958 0.6300926 0.13697916 0.10277778
1 0.02578125 0.62685186 0.0515625 0.13333334
