2 0.096614584 0.6652778 0.116145834 0.07685185
4 0.21015625 0.63611114 0.0796875 0.07777778
1 0.19479166 0.66064817 0.01875 0.0712963
1 0.29583332 0.6481481 0.0125 0.046296295
0 0.3122396 0.64768517 0.011979166 0.05462963
0 0.34635416 0.6449074 0.008333334 0.047222223
0 0.3390625 0.6435185 0.011458334 0.05185185
0 0.3328125 0.64166665 0.009375 0.05740741
0 0.3234375 0.64537036 0.009375 0.048148148
0 0.40234375 0.64305556 0.0109375 0.04537037
0 0.45234376 0.6412037 0.009895833 0.049074072
4 0.47213542 0.63148147 0.009895833 0.018518519
1 0.4296875 0.64398146 0.015625 0.04537037
0 0.42265624 0.6425926 0.011979166 0.053703703
4 0.26666668 0.63703704 0.05625 0.06666667
3 0.49635416 0.6226852 0.039583333 0.09351852
2 0.5236979 0.63842595 0.011979166 0.017592592
0 0.5307292 0.64537036 0.00625 0.037037037
2 0.546875 0.64537036 0.022916667 0.042592593
2 0.55338544 0.6490741 0.0265625 0.044444446
2 0.56380206 0.65231484 0.030729167 0.05277778
2 0.57890624 0.6527778 0.043229166 0.07037037
0 0.5992187 0.65925926 0.009895833 0.08888889
0 0.6346354 0.6634259 0.013020833 0.08981481
0 0.6466146 0.6513889 0.0109375 0.058333334
1 0.71510416 0.675 0.034375 0.1037037
1 0.96302086 0.7152778 0.061458334 0.17314816
1 0.68177086 0.66851854 0.06458333 0.107407406
