2 0.108333334 0.7212963 0.21666667 0.5574074
4 0.309375 0.6037037 0.078125 0.08888889
2 0.39479166 0.6402778 0.07083333 0.11018518
2 0.45598957 0.6287037 0.031770833 0.044444446
2 0.46979168 0.6199074 0.019791666 0.030555556
2 0.4796875 0.6166667 0.010416667 0.018518519
2 0.50078124 0.6189815 0.018229166 0.028703704
2 0.56875 0.61851853 0.020833334 0.031481482
0 0.9195312 0.59907407 0.015104166 0.06481481
0 0.95729166 0.5972222 0.0125 0.085185185
0 0.9848958 0.6458333 0.030208332 0.16203703
1 0.54765624 0.6175926 0.0067708334 0.02037037
