2 0.053125 0.65925926 0.046875 0.027777778
3 0.055989582 0.64398146 0.059895832 0.047222223
2 0.08359375 0.65092593 0.040104166 0.024074074
2 0.33958334 0.6365741 0.028125 0.03425926
2 0.45807293 0.62777776 0.0296875 0.031481482
2 0.48984376 0.6486111 0.027604166 0.043518517
2 0.52213544 0.6319444 0.022395832 0.032407407
2 0.5372396 0.64305556 0.028645834 0.039814815
2 0.58802086 0.6759259 0.061458334 0.07777778
2 0.68828124 0.6666667 0.08177083 0.09259259
2 0.8377604 0.7939815 0.2890625 0.31944445
2 0.5578125 0.62222224 0.021875 0.03888889
2 0.6401042 0.65694445 0.05 0.06388889
2 0.9408854 0.6865741 0.1171875 0.14351852
2 0.7856771 0.662037 0.07864583 0.09074074
2 0.22838542 0.63935184 0.041145835 0.021296296
2 0.39921874 0.62777776 0.015104166 0.018518519
2 0.41015625 0.62546295 0.011979166 0.017592592
