2 0.9359375 0.7037037 0.128125 0.21296297
2 0.86588544 0.7361111 0.24947916 0.2574074
2 0.72864586 0.6449074 0.038541667 0.025
2 0.64427084 0.6875 0.06875 0.08425926
2 0.6075521 0.65833336 0.047395833 0.096296296
2 0.5828125 0.6689815 0.026041666 0.037962962
2 0.5158854 0.662037 0.008854167 0.0129629625
2 0.49921876 0.66805553 0.025520833 0.036111113
1 0.4841146 0.6638889 0.009895833 0.031481482
4 0.47760418 0.650463 0.038541667 0.039814815
2 0.39270833 0.6782407 0.035416666 0.04537037
2 0.36901042 0.66851854 0.028645834 0.037037037
1 0.30104166 0.6759259 0.011458334 0.035185184
2 0.7632812 0.6458333 0.0328125 0.019444445
