2 0.9809896 0.6148148 0.0359375 0.08148148
2 0.9479167 0.62083334 0.09375 0.08055556
2 0.87395835 0.6296296 0.104166664 0.08888889
1 0.83802086 0.64305556 0.034375 0.09907407
2 0.7885417 0.61388886 0.071875 0.03888889
2 0.7546875 0.6111111 0.03125 0.03888889
2 0.7213542 0.6134259 0.032291666 0.039814815
3 0.6684896 0.60694444 0.0703125 0.119444445
2 0.6585938 0.6342593 0.0828125 0.10555556
2 0.5671875 0.61944443 0.036458332 0.05925926
2 0.5203125 0.6134259 0.035416666 0.019444445
1 0.46380207 0.6111111 0.011979166 0.022222223
3 0.44635418 0.60231483 0.010416667 0.025
2 0.4049479 0.6125 0.0265625 0.041666668
4 0.40833333 0.5962963 0.033333335 0.07037037
2 0.2828125 0.6328704 0.128125 0.18425927
