0 0.01015625 0.62916666 0.0203125 0.08425926
2 0.08359375 0.66944444 0.1671875 0.14074074
2 0.18697916 0.6550926 0.098958336 0.11574074
2 0.25885418 0.6550926 0.075 0.07685185
2 0.29401043 0.64305556 0.050520834 0.0712963
2 0.3421875 0.662037 0.09166667 0.1037037
2 0.40911457 0.6472222 0.043229166 0.05740741
2 0.5130208 0.662963 0.0625 0.14074074
2 0.48854166 0.6865741 0.110416666 0.1675926
0 0.6507813 0.65462965 0.0109375 0.06111111
0 0.66536456 0.6481481 0.013020833 0.075925924
0 0.7934896 0.6634259 0.0203125 0.13055556
0 0.97005206 0.67546296 0.0359375 0.19722222
0 0.9169271 0.7074074 0.06614583 0.32037038
