1 0.92760414 0.6273148 0.039583333 0.09166667
1 0.8794271 0.6171296 0.028645834 0.075
1 0.8520833 0.6157407 0.026041666 0.07037037
3 0.55078125 0.58055556 0.061979167 0.12777779
3 0.50703126 0.56898147 0.019270834 0.05277778
2 0.4778646 0.5773148 0.011979166 0.017592592
2 0.4700521 0.5726852 0.011979166 0.025
3 0.41770834 0.5611111 0.09375 0.05
3 0.3830729 0.5638889 0.043229166 0.087037034
1 0.049739584 0.63055557 0.027604166 0.05740741
2 0.48958334 0.5685185 0.011458334 0.025925925
1 0.70520836 0.5925926 0.014583333 0.031481482
1 0.728125 0.59675926 0.015625 0.037962962
