2 0.36614582 0.63564813 0.13333334 0.073148146
1 0.5080729 0.6328704 0.1328125 0.08611111
2 0.58984375 0.62685186 0.1171875 0.083333336
1 0.61067706 0.65787035 0.0359375 0.121296294
1 0.66536456 0.65787035 0.036979165 0.13055556
2 0.1171875 0.6226852 0.134375 0.08055556
1 0.86145836 0.73935187 0.0125 0.15648147
1 0.7046875 0.6657407 0.041666668 0.13518518
1 0.72786456 0.662037 0.041145835 0.12962963
1 0.75572914 0.650463 0.03125 0.10462963
1 0.79322916 0.6171296 0.175 0.1287037
1 0.803125 0.6490741 0.032291666 0.09259259
1 0.8544271 0.650463 0.044270832 0.08611111
2 0.81145835 0.6412037 0.10104167 0.073148146
0 0.9536458 0.63935184 0.01875 0.09537037
2 0.21796875 0.6328704 0.021354167 0.041666668
