0 0.120052084 0.6421296 0.0078125 0.037962962
1 0.17291667 0.64537036 0.014583333 0.037037037
1 0.25286457 0.64166665 0.009895833 0.031481482
1 0.26640624 0.64537036 0.013020833 0.042592593
1 0.36510417 0.6490741 0.011458334 0.03888889
2 0.37708333 0.64398146 0.035416666 0.028703704
2 0.4221354 0.6800926 0.058854166 0.08611111
2 0.52552086 0.7550926 0.22395833 0.35833332
1 0.66822916 0.66481483 0.023958333 0.05740741
0 0.81901044 0.6634259 0.011979166 0.047222223
1 0.8049479 0.662037 0.0140625 0.046296295
2 0.94609374 0.662037 0.08177083 0.03888889
2 0.9044271 0.6587963 0.055729166 0.047222223
1 0.7390625 0.6662037 0.022916667 0.050925925
