4 0.2765625 0.6125 0.12291667 0.15648147
2 0.4015625 0.6449074 0.033333335 0.043518517
3 0.4622396 0.625 0.034895834 0.083333336
2 0.49609375 0.6851852 0.102604166 0.1537037
2 0.5651042 0.6560185 0.038541667 0.050925925
2 0.54817706 0.6425926 0.013020833 0.022222223
1 0.5841146 0.64768517 0.008854167 0.032407407
1 0.6046875 0.6560185 0.0125 0.049074072
1 0.6145833 0.66157407 0.009375 0.037962962
1 0.63489586 0.65787035 0.013541667 0.049074072
2 0.7205729 0.68935186 0.16197917 0.19907407
1 0.7986979 0.6861111 0.0359375 0.11666667
1 0.8911458 0.6944444 0.039583333 0.11296296
1 0.9447917 0.70416665 0.06875 0.14537036
