2 0.025260417 0.66944444 0.050520834 0.14444445
2 0.16484375 0.68564814 0.050520834 0.058333334
2 0.19713542 0.6925926 0.07760417 0.06481481
2 0.40989584 0.7013889 0.16875 0.26759258
3 0.828125 0.5555556 0.296875 0.43703705
2 0.6716146 0.7087963 0.15572916 0.16574074
2 0.5796875 0.6787037 0.057291668 0.09074074
2 0.5393229 0.67777777 0.0328125 0.037037037
2 0.5289062 0.66944444 0.024479168 0.04074074
2 0.515625 0.6703704 0.023958333 0.031481482
3 0.49296874 0.64768517 0.018229166 0.039814815
2 0.5044271 0.66805553 0.018229166 0.026851851
