2 0.0671875 0.71944445 0.134375 0.52037036
0 0.140625 0.6712963 0.017708333 0.087037034
0 0.15625 0.67314816 0.011458334 0.07962963
1 0.2109375 0.68935186 0.039583333 0.106481485
2 0.28020832 0.6884259 0.077083334 0.0712963
2 0.34453124 0.6782407 0.0453125 0.05648148
3 0.39765626 0.6402778 0.111979164 0.20648149
4 0.47473958 0.6486111 0.059895832 0.08425926
2 0.50703126 0.6944444 0.075520836 0.11666667
1 0.5453125 0.6722222 0.015625 0.07962963
2 0.5606771 0.66712964 0.0265625 0.037962962
2 0.5992187 0.66805553 0.0234375 0.03425926
2 0.6174479 0.6587963 0.013020833 0.021296296
2 0.6450521 0.6898148 0.06614583 0.09259259
4 0.64947915 0.6467593 0.03125 0.041666668
2 0.7578125 0.7111111 0.103125 0.13518518
2 0.8773438 0.7407407 0.22135417 0.20185184
