0 0.0078125 0.58518517 0.015625 0.06851852
0 0.043229166 0.6111111 0.016666668 0.07777778
1 0.2859375 0.6157407 0.010416667 0.031481482
3 0.33229166 0.6111111 0.017708333 0.037037037
4 0.36953124 0.60694444 0.025520833 0.05277778
2 0.3625 0.6189815 0.020833334 0.028703704
2 0.38489583 0.6180556 0.03125 0.03425926
2 0.40130207 0.6157407 0.0078125 0.0129629625
2 0.44921875 0.62083334 0.0453125 0.032407407
1 0.45416668 0.63472223 0.019791666 0.0712963
2 0.61328125 0.6175926 0.061979167 0.055555556
2 0.65 0.6175926 0.0625 0.062962964
2 0.6778646 0.6212963 0.07239583 0.06481481
2 0.721875 0.6180556 0.09375 0.08055556
2 0.7835938 0.61851853 0.10885417 0.098148145
2 0.8541667 0.61157405 0.12916666 0.13055556
