0 0.047135416 0.5856481 0.0203125 0.08055556
0 0.090625 0.587963 0.017708333 0.07777778
0 0.1109375 0.599537 0.021875 0.106481485
1 0.1390625 0.6134259 0.038541667 0.125
0 0.24583334 0.60231483 0.019791666 0.07685185
4 0.32291666 0.5726852 0.061458334 0.11388889
0 0.37916666 0.61435187 0.017708333 0.0787037
2 0.37057292 0.59074074 0.021354167 0.02037037
2 0.39166668 0.59444445 0.014583333 0.022222223
1 0.41770834 0.64305556 0.044791665 0.16388889
2 0.44947916 0.6226852 0.05625 0.08611111
2 0.5424479 0.60694444 0.15364583 0.24722221
3 0.81458336 0.6722222 0.36979166 0.6351852
0 0.28307292 0.58981484 0.008854167 0.035185184
