2 0.054947916 0.79212964 0.10989583 0.41574073
0 0.18203124 0.6787037 0.06302083 0.22777778
2 0.16588542 0.67685187 0.15989584 0.14629629
1 0.31640625 0.63935184 0.008854167 0.039814815
2 0.3440104 0.63472223 0.041145835 0.025
2 0.38203126 0.64166665 0.036979165 0.05
2 0.4205729 0.6337963 0.031770833 0.021296296
2 0.45598957 0.6337963 0.013020833 0.021296296
2 0.48151043 0.63472223 0.0140625 0.017592592
2 0.43645832 0.6310185 0.0125 0.028703704
2 0.8755208 0.78518516 0.24583334 0.42592594
1 0.7622396 0.7050926 0.0984375 0.21018519
0 0.79036456 0.64305556 0.011979166 0.0712963
2 0.6528646 0.6875 0.1296875 0.1712963
2 0.6067708 0.6782407 0.07604167 0.11574074
2 0.58385414 0.6587963 0.067708336 0.10277778
2 0.55598956 0.650463 0.044270832 0.06759259
2 0.5453125 0.6351852 0.04375 0.085185185
2 0.5005208 0.6351852 0.009375 0.014814815
