2 0.20260416 0.6782407 0.20729166 0.225
4 0.31041667 0.6259259 0.04375 0.05185185
2 0.34010416 0.6212963 0.027083334 0.04074074
4 0.33229166 0.6037037 0.0375 0.05925926
2 0.3703125 0.6296296 0.038541667 0.053703703
2 0.38776043 0.6259259 0.0234375 0.04074074
2 0.396875 0.6226852 0.019791666 0.036111113
2 0.4075521 0.6226852 0.0171875 0.026851851
3 0.3984375 0.6064815 0.017708333 0.04074074
2 0.42708334 0.61944443 0.019791666 0.02962963
2 0.45885417 0.62314814 0.034375 0.02962963
1 0.50572914 0.6351852 0.0125 0.042592593
1 0.4934896 0.6333333 0.009895833 0.04074074
1 0.5372396 0.64398146 0.018229166 0.062037036
1 0.60026044 0.662963 0.030729167 0.107407406
