1 0.15364583 0.65555555 0.014583333 0.044444446
2 0.25859374 0.6490741 0.0359375 0.046296295
3 0.29401043 0.62453705 0.0546875 0.10092592
2 0.328125 0.6402778 0.023958333 0.032407407
2 0.35989583 0.6398148 0.015625 0.022222223
3 0.3763021 0.6310185 0.0234375 0.041666668
2 0.38776043 0.6375 0.0140625 0.021296296
3 0.40338543 0.6296296 0.0171875 0.027777778
3 0.41796875 0.62777776 0.009895833 0.024074074
4 0.42369792 0.62546295 0.0109375 0.025
2 0.44322917 0.6310185 0.008333334 0.015740741
2 0.45807293 0.6342593 0.0234375 0.016666668
0 0.6567708 0.63703704 0.010416667 0.05740741
1 0.71223956 0.6560185 0.024479168 0.09166667
