4 0.054427084 0.6134259 0.10885417 0.13055556
4 0.17786458 0.6171296 0.1640625 0.108333334
2 0.2859375 0.64166665 0.10208333 0.08148148
2 0.33984375 0.6365741 0.031770833 0.039814815
4 0.34192708 0.6203704 0.0390625 0.06111111
2 0.37109375 0.63564813 0.0390625 0.049074072
2 0.42578125 0.6527778 0.06614583 0.09259259
2 0.47838542 0.67175925 0.091145836 0.15277778
2 0.5289062 0.6458333 0.069270834 0.05462963
2 0.5471354 0.63796294 0.069270834 0.055555556
2 0.6411458 0.6898148 0.109375 0.15185185
2 0.7807292 0.72268516 0.290625 0.33055556
