2 0.8700521 0.7939815 0.25989583 0.3861111
2 0.634375 0.6425926 0.14270833 0.24814814
2 0.5804688 0.67546296 0.071354166 0.09166667
2 0.47734374 0.6861111 0.1328125 0.2074074
2 0.43671876 0.6337963 0.0453125 0.07685185
2 0.41875 0.64166665 0.03125 0.044444446
2 0.3875 0.6342593 0.016666668 0.035185184
2 0.37057292 0.64074075 0.0234375 0.031481482
2 0.32604167 0.64768517 0.057291668 0.106481485
2 0.28984374 0.6273148 0.0109375 0.019444445
2 0.27630207 0.6300926 0.009895833 0.015740741
2 0.13697916 0.67685187 0.27395833 0.3074074
2 0.04140625 0.6032407 0.0828125 0.24166666
