2 0.029427083 0.6898148 0.058854166 0.29074073
2 0.04765625 0.6703704 0.0953125 0.16296296
2 0.1015625 0.6527778 0.071875 0.13148148
2 0.12838541 0.65324074 0.043229166 0.08611111
2 0.22421876 0.70046294 0.1578125 0.22685185
1 0.44036457 0.65787035 0.0296875 0.08240741
1 0.5622396 0.68472224 0.065104164 0.13796297
2 0.60546875 0.67175925 0.1109375 0.12314815
0 0.6791667 0.65324074 0.016666668 0.08796296
0 0.6617187 0.6560185 0.015104166 0.08796296
0 0.8333333 0.6666667 0.023958333 0.11296296
0 0.92317706 0.662963 0.0140625 0.107407406
2 0.9507812 0.75046295 0.09739583 0.17685185
