0 0.68072915 0.66018516 0.015625 0.06481481
1 0.63203126 0.66712964 0.031770833 0.06759259
2 0.3346354 0.64768517 0.056770835 0.06388889
1 0.27604166 0.6412037 0.009375 0.028703704
2 0.23776041 0.6402778 0.0328125 0.041666668
2 0.16848959 0.63703704 0.0171875 0.025925925
2 0.15703125 0.6375 0.0234375 0.028703704
2 0.12786458 0.63148147 0.016145833 0.024074074
2 0.11875 0.63148147 0.013541667 0.018518519
2 0.10520833 0.6300926 0.009375 0.013888889
3 0.080989584 0.625 0.0109375 0.024074074
3 0.06979167 0.62222224 0.0072916667 0.016666668
2 0.091145836 0.6337963 0.015625 0.021296296
2 0.06588542 0.6324074 0.0140625 0.02037037
2 0.026041666 0.7259259 0.052083332 0.25925925
