2 0.36432293 0.6287037 0.050520834 0.027777778
2 0.4611979 0.62314814 0.041145835 0.02962963
3 0.5450521 0.6074074 0.018229166 0.046296295
2 0.56953126 0.63472223 0.031770833 0.049074072
2 0.59453124 0.6236111 0.027604166 0.025
2 0.6252604 0.6365741 0.028645834 0.041666668
2 0.6432292 0.64166665 0.038541667 0.05740741
2 0.6713542 0.662963 0.054166667 0.07037037
2 0.71302086 0.68472224 0.084375 0.10092592
2 0.7765625 0.7314815 0.110416666 0.15555556
3 0.88411456 0.6050926 0.23177083 0.78981483
2 0.6567708 0.650463 0.04375 0.062037036
