2 0.30677083 0.7421296 0.121875 0.14907408
2 0.36197916 0.70555556 0.01875 0.02962963
2 0.38880208 0.7106481 0.033854168 0.05277778
2 0.40546876 0.7060185 0.025520833 0.047222223
4 0.4361979 0.6949074 0.0265625 0.049074072
2 0.44348958 0.7106481 0.027604166 0.04537037
2 0.4765625 0.7361111 0.079166666 0.11111111
1 0.54322916 0.71574074 0.010416667 0.048148148
0 0.5882813 0.71574074 0.0109375 0.05185185
0 0.59010416 0.73425925 0.0125 0.037037037
0 0.6018229 0.7162037 0.008854167 0.05462963
0 0.621875 0.71574074 0.011458334 0.06481481
0 0.56119794 0.7087963 0.0067708334 0.03425926
