0 0.094791666 0.6481481 0.03125 0.14814815
0 0.11510417 0.65185183 0.020833334 0.1037037
0 0.12161458 0.63148147 0.016145833 0.12962963
0 0.1859375 0.65185183 0.032291666 0.13703704
0 0.17630209 0.63564813 0.0234375 0.119444445
0 0.23776041 0.6513889 0.021354167 0.097222224
0 0.2203125 0.62453705 0.01875 0.11018518
0 0.13229166 0.6587963 0.015625 0.10277778
2 0.33411458 0.69398147 0.14427084 0.15462963
2 0.48958334 0.65555555 0.040625 0.062962964
2 0.51197916 0.6462963 0.022916667 0.04074074
2 0.5239583 0.6472222 0.015625 0.022222223
2 0.53489584 0.6412037 0.014583333 0.028703704
2 0.47473958 0.63611114 0.0171875 0.031481482
0 0.884375 0.74027777 0.09583333 0.43425927
