2 0.57734376 0.68101853 0.08177083 0.10092592
2 0.5260417 0.65416664 0.058333334 0.06944445
2 0.50130206 0.6472222 0.0390625 0.05925926
2 0.4856771 0.63055557 0.0328125 0.05185185
2 0.47291666 0.6296296 0.023958333 0.037037037
2 0.4684896 0.6236111 0.0265625 0.036111113
2 0.45729166 0.6203704 0.019791666 0.031481482
2 0.44166666 0.599537 0.011458334 0.019444445
2 0.38984376 0.6032407 0.011979166 0.019444445
2 0.3658854 0.5962963 0.016145833 0.027777778
3 0.30182293 0.6050926 0.080729164 0.108333334
2 0.22447917 0.6759259 0.104166664 0.107407406
