0 0.22994791 0.6527778 0.027604166 0.19074073
2 0.14348958 0.6657407 0.14114584 0.14074074
2 0.05546875 0.63703704 0.1109375 0.11296296
2 0.090625 0.62824076 0.12916666 0.08240741
2 0.18828125 0.6157407 0.09947917 0.07962963
2 0.35520834 0.6180556 0.028125 0.041666668
2 0.3984375 0.61944443 0.026041666 0.037037037
2 0.4388021 0.62314814 0.0296875 0.046296295
1 0.48020834 0.6166667 0.011458334 0.031481482
2 0.5492188 0.63703704 0.071354166 0.096296296
1 0.5625 0.65833336 0.034375 0.13333334
2 0.5859375 0.65185183 0.09166667 0.10185185
2 0.6546875 0.6657407 0.14791666 0.19074073
2 0.8015625 0.72314817 0.28125 0.2574074
2 0.9377604 0.8074074 0.12447917 0.3425926
2 0.25598958 0.6148148 0.06302083 0.046296295
2 0.5286458 0.63611114 0.047916666 0.07037037
2 0.51692706 0.6263889 0.0453125 0.06944445
