1 0.087239586 0.7449074 0.0703125 0.21388888
1 0.18072917 0.6773148 0.035416666 0.1712963
1 0.27265626 0.67638886 0.043229166 0.14537036
0 0.13333334 0.6458333 0.03125 0.117592596
2 0.23046875 0.64768517 0.0765625 0.11574074
2 0.41770834 0.5935185 0.040625 0.055555556
1 0.4296875 0.6125 0.015625 0.0712963
0 0.46614584 0.5935185 0.009375 0.053703703
2 0.46354166 0.5865741 0.027083334 0.060185187
2 0.821875 0.78333336 0.35208333 0.42222223
2 0.63671875 0.7083333 0.11927083 0.18333334
2 0.5684896 0.64444447 0.071354166 0.1
1 0.38203126 0.59444445 0.009895833 0.037037037
2 0.5330729 0.61527777 0.046354167 0.07685185
