2 0.76875 0.5949074 0.06979167 0.062037036
2 0.6830729 0.59814817 0.15364583 0.13148148
2 0.63932294 0.6037037 0.09427083 0.08888889
0 0.5239583 0.599537 0.008333334 0.04537037
2 0.44453126 0.600463 0.013020833 0.019444445
2 0.43046874 0.6 0.008854167 0.014814815
2 0.41302082 0.599537 0.009375 0.013888889
2 0.40338543 0.60231483 0.0203125 0.019444445
2 0.3765625 0.6041667 0.036458332 0.05277778
2 0.3375 0.5962963 0.023958333 0.048148148
2 0.32109374 0.6064815 0.0265625 0.02962963
2 0.2971354 0.6097222 0.0328125 0.03425926
2 0.2653646 0.6111111 0.034895834 0.03888889
2 0.196875 0.65185183 0.1375 0.1574074
2 0.011458334 0.6240741 0.022916667 0.12592593
