0 0.6752604 0.6226852 0.021354167 0.11388889
0 0.5734375 0.6166667 0.0125 0.06851852
0 0.5466146 0.60555553 0.0046875 0.02962963
2 0.525 0.6287037 0.052083332 0.06111111
3 0.47838542 0.6064815 0.013020833 0.031481482
1 0.46380207 0.61388886 0.0046875 0.024074074
2 0.45390624 0.61203706 0.011979166 0.016666668
2 0.42630208 0.62083334 0.0234375 0.041666668
2 0.4065104 0.62314814 0.043229166 0.06111111
2 0.3828125 0.6328704 0.06666667 0.08981481
2 0.30651042 0.64444447 0.10364583 0.11111111
0 0.2171875 0.63935184 0.025 0.121296294
0 0.18489583 0.6537037 0.023958333 0.12222222
0 0.16614583 0.6259259 0.014583333 0.08148148
2 0.084895834 0.6402778 0.16354166 0.16944444
