2 0.8 0.61388886 0.110416666 0.05740741
1 0.60625 0.6013889 0.011458334 0.05462963
1 0.59166664 0.6041667 0.015625 0.060185187
1 0.5755208 0.6018519 0.0125 0.048148148
1 0.5729167 0.58981484 0.011458334 0.05
3 0.528125 0.5564815 0.022916667 0.04074074
2 0.5015625 0.5694444 0.016666668 0.025925925
2 0.46796876 0.58981484 0.047395833 0.05185185
2 0.4328125 0.5824074 0.027083334 0.035185184
2 0.4544271 0.6064815 0.0390625 0.05740741
2 0.4127604 0.57361114 0.022395832 0.030555556
2 0.39557293 0.56296295 0.0328125 0.05
2 0.38828126 0.57916665 0.0234375 0.039814815
2 0.4015625 0.5777778 0.019791666 0.031481482
2 0.37109375 0.5824074 0.031770833 0.044444446
2 0.34791666 0.59305555 0.0375 0.047222223
2 0.340625 0.6189815 0.041666668 0.06759259
2 0.315625 0.58518517 0.035416666 0.042592593
2 0.28203124 0.5902778 0.034895834 0.039814815
2 0.30885416 0.63703704 0.071875 0.08888889
2 0.24791667 0.6199074 0.06458333 0.08055556
2 0.18984374 0.6398148 0.0953125 0.10555556
2 0.11380208 0.65231484 0.12552084 0.16574074
2 0.04609375 0.6171296 0.0921875 0.11203704
2 0.03671875 0.68703705 0.0734375 0.15185185
2 0.26380208 0.82314813 0.40260416 0.35185185
