2 0.028125 0.66018516 0.05625 0.06666667
2 0.079427086 0.64305556 0.11510417 0.075
2 0.20260416 0.6458333 0.079166666 0.050925925
2 0.22395833 0.63842595 0.071875 0.049074072
2 0.2966146 0.6337963 0.0578125 0.036111113
2 0.37604168 0.649537 0.046875 0.05277778
2 0.48802084 0.63564813 0.013541667 0.023148147
2 0.47734374 0.63472223 0.021354167 0.032407407
2 0.44244793 0.6449074 0.0484375 0.06759259
2 0.52265626 0.63842595 0.025520833 0.036111113
2 0.5546875 0.6481481 0.05 0.072222225
4 0.8020833 0.59537035 0.228125 0.25185186
1 0.23203126 0.64305556 0.027604166 0.05648148
