1 0.7859375 0.6643519 0.038541667 0.11203704
1 0.7213542 0.65416664 0.030208332 0.08611111
0 0.69921875 0.6449074 0.0140625 0.073148146
0 0.6825521 0.64305556 0.011979166 0.06759259
0 0.62109375 0.63564813 0.013020833 0.0712963
1 0.62109375 0.6337963 0.027604166 0.05648148
2 0.68385416 0.6412037 0.057291668 0.047222223
2 0.5630208 0.64444447 0.059375 0.09074074
2 0.49401042 0.662037 0.102604166 0.16481481
2 0.44895834 0.6342593 0.05625 0.08148148
2 0.41614583 0.61527777 0.017708333 0.028703704
2 0.38072917 0.60833335 0.030208332 0.048148148
2 0.4015625 0.61064816 0.021875 0.03425926
2 0.25104168 0.60601854 0.009375 0.058333334
1 0.225 0.6041667 0.01875 0.050925925
0 0.01953125 0.59166664 0.0140625 0.06851852
