2 0.61015624 0.6759259 0.049479168 0.07037037
2 0.5528646 0.66851854 0.013020833 0.02037037
2 0.5494792 0.66157407 0.015625 0.028703704
4 0.5453125 0.6550926 0.022916667 0.041666668
2 0.5356771 0.6666667 0.0234375 0.037037037
2 0.5265625 0.6634259 0.016666668 0.026851851
2 0.5054687 0.66064817 0.013020833 0.028703704
2 0.4924479 0.66944444 0.031770833 0.042592593
2 0.47447917 0.66157407 0.017708333 0.032407407
3 0.46302083 0.64444447 0.017708333 0.031481482
3 0.5054687 0.65185183 0.016145833 0.037037037
