2 0.041666668 0.6824074 0.083333336 0.1425926
2 0.11328125 0.6722222 0.08177083 0.1
2 0.16354166 0.6652778 0.04375 0.05648148
2 0.23802084 0.6662037 0.048958335 0.062037036
3 0.2799479 0.6412037 0.025520833 0.058333334
3 0.35260418 0.60925925 0.08541667 0.21296297
2 0.425 0.6800926 0.033333335 0.047222223
3 0.45598957 0.65092593 0.0359375 0.031481482
1 0.4856771 0.6814815 0.011979166 0.046296295
2 0.5565104 0.6837963 0.0578125 0.036111113
2 0.5356771 0.68472224 0.043229166 0.032407407
1 0.47578126 0.6722222 0.0078125 0.037037037
