0 0.10182292 0.6759259 0.0234375 0.05185185
0 0.108072914 0.65833336 0.009895833 0.03888889
0 0.15364583 0.66064817 0.009375 0.041666668
0 0.140625 0.65925926 0.010416667 0.037037037
0 0.13072917 0.6611111 0.0072916667 0.037037037
2 0.26197916 0.68194443 0.098958336 0.108333334
2 0.19322917 0.68194443 0.075 0.08796296
2 0.32109374 0.6782407 0.030729167 0.04537037
4 0.35859376 0.65185183 0.058854166 0.10185185
2 0.40338543 0.66944444 0.028645834 0.037037037
2 0.42083332 0.6638889 0.021875 0.031481482
2 0.43984374 0.65694445 0.009895833 0.017592592
2 0.44739583 0.65324074 0.013541667 0.028703704
2 0.5005208 0.7 0.11354167 0.19074073
0 0.6640625 0.6689815 0.009375 0.041666668
2 0.77213544 0.75648147 0.22239584 0.23148148
