0 0.03046875 0.65555555 0.019270834 0.1
2 0.33697918 0.6805556 0.15416667 0.14629629
4 0.48177084 0.64074075 0.035416666 0.055555556
4 0.5023438 0.64074075 0.027604166 0.04074074
2 0.5101563 0.66157407 0.031770833 0.04537037
2 0.5364583 0.6550926 0.01875 0.026851851
2 0.553125 0.6527778 0.011458334 0.02037037
4 0.5294271 0.64305556 0.018229166 0.036111113
4 0.5934896 0.6486111 0.0140625 0.026851851
2 0.6013021 0.6564815 0.018229166 0.025925925
2 0.6276042 0.662037 0.03125 0.05740741
2 0.6921875 0.6888889 0.10208333 0.12407407
1 0.7921875 0.67777777 0.019791666 0.05740741
2 0.83177084 0.66851854 0.035416666 0.035185184
2 0.90260416 0.67175925 0.028125 0.043518517
2 0.92552084 0.6689815 0.0375 0.05277778
2 0.9734375 0.6712963 0.05 0.07037037
0 0.9841146 0.69398147 0.031770833 0.12314815
