2 0.29114583 0.6564815 0.051041666 0.07962963
2 0.42864582 0.6634259 0.053125 0.06944445
4 0.43645832 0.6402778 0.016666668 0.04537037
2 0.4765625 0.6462963 0.027083334 0.048148148
2 0.4841146 0.6388889 0.016145833 0.031481482
4 0.5140625 0.62777776 0.030208332 0.07037037
0 0.75208336 0.65231484 0.010416667 0.05277778
0 0.77473956 0.649537 0.009895833 0.058333334
0 0.8072917 0.6574074 0.014583333 0.06851852
0 0.8442708 0.67777777 0.020833334 0.1
0 0.86015624 0.6666667 0.0203125 0.09259259
0 0.78697914 0.6560185 0.010416667 0.058333334
0 0.896875 0.66944444 0.020833334 0.09259259
0 0.8872396 0.6643519 0.016145833 0.09351852
