2 0.7205729 0.5902778 0.0546875 0.05277778
2 0.6671875 0.65555555 0.125 0.13518518
2 0.5953125 0.64074075 0.071875 0.087037034
2 0.55833334 0.62453705 0.042708334 0.06944445
2 0.53697914 0.6203704 0.03125 0.05185185
5 0.51484376 0.63472223 0.034895834 0.12314815
2 0.48515624 0.60694444 0.009895833 0.017592592
1 0.48151043 0.6134259 0.0067708334 0.030555556
4 0.4690104 0.60555553 0.0171875 0.02962963
1 0.46588543 0.6125 0.022395832 0.036111113
2 0.4455729 0.6032407 0.0171875 0.017592592
2 0.42447916 0.6087963 0.014583333 0.023148147
1 0.43255207 0.6078704 0.0078125 0.026851851
2 0.40208334 0.6078704 0.017708333 0.021296296
2 0.38020834 0.6097222 0.017708333 0.026851851
5 0.37083334 0.6111111 0.020833334 0.031481482
2 0.36041668 0.6125 0.03125 0.039814815
5 0.32734376 0.59537035 0.046354167 0.08148148
2 0.26197916 0.61203706 0.084375 0.05
2 0.25703126 0.61944443 0.056770835 0.06851852
0 0.22161458 0.61435187 0.0109375 0.06388889
2 0.06015625 0.6212963 0.1203125 0.1537037
