1 0.0265625 0.60694444 0.022916667 0.06388889
2 0.07838542 0.59814817 0.052604165 0.055555556
2 0.12552084 0.63148147 0.14479166 0.12962963
2 0.32239583 0.6287037 0.07395833 0.087037034
2 0.4049479 0.61157405 0.030729167 0.049074072
2 0.43177083 0.6009259 0.017708333 0.024074074
2 0.45520833 0.6212963 0.029166667 0.046296295
2 0.4455729 0.59583336 0.0140625 0.019444445
2 0.471875 0.60231483 0.015625 0.021296296
2 0.48854166 0.61435187 0.021875 0.030555556
2 0.46796876 0.5824074 0.016145833 0.027777778
2 0.5023438 0.59907407 0.0140625 0.02037037
1 0.54270834 0.6162037 0.010416667 0.039814815
2 0.45703125 0.5875 0.009895833 0.013888889
