1 0.29791668 0.650463 0.011458334 0.041666668
1 0.31510416 0.65324074 0.011458334 0.037962962
0 0.3268229 0.6527778 0.0067708334 0.031481482
3 0.35520834 0.63611114 0.034375 0.031481482
1 0.35651043 0.6462963 0.0078125 0.027777778
1 0.37734374 0.6421296 0.005729167 0.023148147
1 0.38828126 0.64444447 0.0067708334 0.024074074
2 0.4049479 0.63842595 0.0203125 0.019444445
2 0.4143229 0.6425926 0.021354167 0.035185184
3 0.43463543 0.625 0.038020834 0.087037034
2 0.48229167 0.6398148 0.017708333 0.027777778
2 0.50572914 0.6240741 0.008333334 0.016666668
2 0.5052083 0.6342593 0.011458334 0.02037037
2 0.50989586 0.63842595 0.015625 0.030555556
2 0.53255206 0.6486111 0.034895834 0.058333334
2 0.5919271 0.68935186 0.1203125 0.1675926
2 0.60859376 0.62916666 0.046354167 0.09537037
2 0.6372396 0.67083335 0.07760417 0.117592596
2 0.67057294 0.6574074 0.043229166 0.06666667
2 0.7265625 0.66712964 0.103125 0.1287037
2 0.90989584 0.7106481 0.17916666 0.2787037
