3 0.96484375 0.72037035 0.06822917 0.10925926
2 0.9372396 0.74953705 0.069270834 0.050925925
2 0.8851563 0.7486111 0.0578125 0.04537037
2 0.8489583 0.7560185 0.0875 0.060185187
2 0.76197916 0.76064813 0.11666667 0.075
2 0.48541668 0.75416666 0.12604167 0.075
3 0.3674479 0.71805555 0.011979166 0.026851851
3 0.25885418 0.7027778 0.0625 0.096296296
2 0.22135417 0.7259259 0.032291666 0.044444446
1 0.16744791 0.725463 0.0078125 0.028703704
2 0.048177082 0.72407407 0.08177083 0.06666667
1 0.07760417 0.7347222 0.058333334 0.12314815
