1 0.88072914 0.7060185 0.067708336 0.18611111
0 0.79270834 0.675 0.025 0.1425926
1 0.7893229 0.6273148 0.0203125 0.10092592
2 0.78984374 0.6018519 0.07864583 0.04074074
2 0.75572914 0.59166664 0.06979167 0.042592593
2 0.69947916 0.7060185 0.16041666 0.21388888
1 0.6828125 0.59074074 0.00625 0.024074074
0 0.6585938 0.5972222 0.0067708334 0.037037037
1 0.6507813 0.6064815 0.0109375 0.044444446
1 0.63671875 0.59907407 0.008854167 0.042592593
4 0.64140624 0.58287036 0.030729167 0.06388889
3 0.61927086 0.5865741 0.020833334 0.050925925
2 0.6059896 0.6259259 0.0421875 0.06851852
2 0.56953126 0.59583336 0.028645834 0.037962962
2 0.5679687 0.6550926 0.075520836 0.10092592
2 0.53333336 0.6111111 0.032291666 0.05185185
2 0.5161458 0.62685186 0.052083332 0.06851852
2 0.4934896 0.6064815 0.025520833 0.037037037
2 0.47291666 0.6111111 0.0375 0.05185185
2 0.44739583 0.6134259 0.0375 0.05462963
2 0.42447916 0.6125 0.060416665 0.0787037
2 0.36510417 0.63842595 0.088541664 0.10092592
3 0.35625 0.59907407 0.090625 0.14074074
2 0.23932292 0.6643519 0.13489583 0.13425925
2 0.178125 0.8194444 0.35520834 0.3611111
0 0.048697915 0.63148147 0.011979166 0.07777778
0 0.06276042 0.6351852 0.011979166 0.072222225
0 0.019270834 0.63796294 0.0125 0.07037037
