2 0.9606771 0.66481483 0.07864583 0.09074074
2 0.9164063 0.67175925 0.10572917 0.11018518
2 0.8393229 0.6486111 0.0859375 0.07685185
3 0.8776042 0.5935185 0.20625 0.16851851
1 0.6875 0.65925926 0.035416666 0.1037037
0 0.65755206 0.66805553 0.019270834 0.11388889
0 0.64270836 0.6666667 0.019791666 0.11851852
2 0.5757812 0.58055556 0.028645834 0.031481482
2 0.5703125 0.59166664 0.027083334 0.022222223
1 0.5755208 0.62685186 0.021875 0.06851852
1 0.54270834 0.5856481 0.004166667 0.019444445
4 0.47864583 0.6097222 0.10625 0.20462963
2 0.3890625 0.6398148 0.058333334 0.074074075
3 0.33984375 0.6032407 0.050520834 0.073148146
2 0.29895833 0.6111111 0.0375 0.037037037
1 0.25494793 0.6064815 0.0078125 0.031481482
1 0.24895833 0.60833335 0.0072916667 0.031481482
2 0.22317709 0.61851853 0.0484375 0.05740741
1 0.033333335 0.6337963 0.020833334 0.06388889
