1 0.26484376 0.63796294 0.0140625 0.042592593
1 0.32447916 0.63148147 0.011458334 0.037037037
1 0.36223957 0.6287037 0.0078125 0.027777778
2 0.43463543 0.6259259 0.052604165 0.096296296
2 0.4690104 0.6351852 0.041145835 0.055555556
2 0.5294271 0.63148147 0.038020834 0.06111111
2 0.4953125 0.6263889 0.025 0.03425926
2 0.54609376 0.62083334 0.024479168 0.050925925
0 0.7638021 0.63564813 0.015104166 0.06944445
0 0.92552084 0.6574074 0.035416666 0.15925926
2 0.9575521 0.6490741 0.084895834 0.107407406
2 0.26979166 0.6328704 0.035416666 0.025
0 0.23880209 0.62916666 0.009895833 0.043518517
0 0.6820313 0.6171296 0.0067708334 0.03425926
0 0.6403646 0.6171296 0.0078125 0.032407407
0 0.66484374 0.61851853 0.0078125 0.035185184
