3 0.09322917 0.6337963 0.18645833 0.17685185
2 0.28828126 0.650463 0.0390625 0.037962962
2 0.35260418 0.6421296 0.01875 0.023148147
2 0.371875 0.6388889 0.016666668 0.024074074
2 0.38958332 0.6388889 0.015625 0.025925925
3 0.41015625 0.63055557 0.025520833 0.046296295
3 0.42369792 0.6328704 0.021354167 0.049074072
4 0.43411458 0.6296296 0.0234375 0.048148148
3 0.4372396 0.62453705 0.021354167 0.050925925
3 0.4533854 0.63055557 0.025520833 0.035185184
2 0.48958334 0.6425926 0.013541667 0.02037037
