2 0.8520833 0.8185185 0.29583332 0.28148147
0 0.896875 0.69814813 0.026041666 0.15925926
2 0.9507812 0.6638889 0.0984375 0.087037034
3 0.8609375 0.63611114 0.104166664 0.06851852
2 0.7963542 0.662963 0.10520833 0.08888889
2 0.66770834 0.67314816 0.084375 0.1425926
2 0.58463544 0.6240741 0.118229166 0.05925926
0 0.4997396 0.6171296 0.0296875 0.08796296
1 0.41796875 0.6050926 0.040104166 0.062037036
2 0.49609375 0.55 0.008854167 0.0129629625
2 0.46614584 0.6597222 0.09583333 0.121296294
2 0.48229167 0.8125 0.20833333 0.30462962
0 0.3658854 0.6652778 0.019270834 0.16018519
0 0.21380208 0.6652778 0.028645834 0.15277778
2 0.23619792 0.600463 0.1640625 0.14537036
0 0.15625 0.67175925 0.019791666 0.16388889
1 0.048958335 0.59212965 0.026041666 0.05462963
