1 0.91796875 0.70092595 0.055729166 0.08888889
2 0.58671874 0.6652778 0.011979166 0.015740741
2 0.5434896 0.6703704 0.015104166 0.022222223
2 0.5364583 0.6634259 0.011458334 0.019444445
0 0.6078125 0.66805553 0.0052083335 0.023148147
1 0.50208336 0.68703705 0.053125 0.11296296
3 0.48854166 0.64305556 0.011458334 0.026851851
2 0.4674479 0.6611111 0.0171875 0.02962963
2 0.45208332 0.6657407 0.025 0.046296295
2 0.4377604 0.67546296 0.0328125 0.043518517
2 0.38567707 0.67453706 0.038020834 0.041666668
2 0.067447916 0.6712963 0.13489583 0.10185185
