2 0.034635417 0.78518516 0.069270834 0.25185186
0 0.03828125 0.69398147 0.011979166 0.06574074
2 0.118229166 0.6976852 0.083333336 0.08240741
1 0.16223958 0.6921296 0.011979166 0.043518517
2 0.24375 0.68796295 0.041666668 0.05185185
2 0.27942708 0.67685187 0.021354167 0.03888889
2 0.3893229 0.7125 0.10364583 0.16574074
1 0.48177084 0.6837963 0.013541667 0.05462963
1 0.6195313 0.6796296 0.016145833 0.075925924
1 0.7419271 0.74444443 0.09427083 0.29444444
0 0.7992188 0.66157407 0.0109375 0.058333334
1 0.9783854 0.66157407 0.028645834 0.062037036
