3 0.8611979 0.45694444 0.27760416 0.9138889
2 0.6190104 0.6388889 0.046354167 0.06481481
2 0.5229167 0.6958333 0.15520833 0.22685185
2 0.06015625 0.6675926 0.1203125 0.12407407
2 0.21536459 0.6962963 0.23697917 0.2962963
2 0.3033854 0.662963 0.08177083 0.15555556
2 0.3919271 0.6259259 0.025520833 0.035185184
2 0.3640625 0.62222224 0.017708333 0.024074074
2 0.40911457 0.6171296 0.019270834 0.03425926
2 0.42369792 0.61527777 0.016145833 0.026851851
2 0.31848958 0.6375 0.06302083 0.121296294
2 0.37864584 0.6199074 0.017708333 0.026851851
1 0.65703124 0.6287037 0.0078125 0.031481482
3 0.4309896 0.59675926 0.019270834 0.043518517
