2 0.9559896 0.6921296 0.086979166 0.22685185
0 0.7427083 0.6375 0.026041666 0.09351852
2 0.65052086 0.58148146 0.014583333 0.024074074
2 0.615625 0.5865741 0.034375 0.025
2 0.5953125 0.58055556 0.014583333 0.014814815
3 0.575 0.5800926 0.03125 0.06574074
4 0.54270834 0.58981484 0.065625 0.13148148
2 0.49375 0.5888889 0.020833334 0.022222223
3 0.48619792 0.5810185 0.030729167 0.032407407
2 0.43333334 0.5949074 0.032291666 0.030555556
2 0.40416667 0.58842593 0.03125 0.039814815
3 0.3684896 0.5717593 0.07239583 0.09907407
3 0.3205729 0.5708333 0.011979166 0.028703704
1 0.30286458 0.58055556 0.005729167 0.02037037
1 0.26276043 0.60462964 0.0140625 0.04074074
1 0.21484375 0.6134259 0.0171875 0.050925925
2 0.19583334 0.5865741 0.030208332 0.019444445
1 0.16536458 0.6189815 0.024479168 0.06944445
3 0.047916666 0.5712963 0.09583333 0.17777778
