1 0.1375 0.65787035 0.04375 0.075
2 0.27864584 0.6513889 0.0375 0.043518517
2 0.30390626 0.6435185 0.031770833 0.05
2 0.3359375 0.6513889 0.0375 0.047222223
2 0.35729167 0.64537036 0.026041666 0.044444446
2 0.38541666 0.6527778 0.035416666 0.046296295
2 0.40885416 0.64305556 0.022916667 0.043518517
3 0.4205729 0.6273148 0.022395832 0.05462963
1 0.42578125 0.65 0.013020833 0.053703703
2 0.49322918 0.63703704 0.011458334 0.018518519
2 0.4997396 0.6412037 0.013020833 0.023148147
4 0.51354164 0.6287037 0.0125 0.024074074
2 0.5971354 0.6467593 0.030729167 0.025
1 0.66875 0.66944444 0.015625 0.062962964
0 0.6231771 0.66157407 0.0078125 0.049074072
1 0.6859375 0.6722222 0.016666668 0.05
1 0.7268229 0.7125 0.0671875 0.15092592
1 0.7518229 0.6861111 0.030729167 0.09074074
0 0.7916667 0.67777777 0.015625 0.06666667
