2 0.065104164 0.7263889 0.13020833 0.30462962
1 0.28385416 0.68703705 0.028125 0.11666667
2 0.21927084 0.6800926 0.08645833 0.09537037
2 0.25989583 0.65324074 0.055208333 0.08611111
2 0.28125 0.6481481 0.044791665 0.062962964
2 0.30286458 0.64398146 0.033854168 0.050925925
2 0.31484374 0.63055557 0.034895834 0.05740741
1 0.36197916 0.63703704 0.013541667 0.053703703
2 0.4309896 0.6310185 0.025520833 0.03425926
2 0.4309896 0.62083334 0.021354167 0.028703704
0 0.83958334 0.6657407 0.029166667 0.16296296
0 0.9065104 0.6597222 0.044270832 0.13055556
0 0.6252604 0.6402778 0.011979166 0.06759259
