2 0.9018229 0.83935183 0.19635417 0.31944445
1 0.91770834 0.7291667 0.044791665 0.15462963
2 0.7346354 0.75416666 0.1703125 0.20833333
2 0.74869794 0.64537036 0.0984375 0.06666667
2 0.7169271 0.6300926 0.0734375 0.05462963
2 0.63072914 0.6587963 0.119791664 0.17314816
2 0.57604164 0.62916666 0.09166667 0.058333334
4 0.4299479 0.57685184 0.1640625 0.10555556
2 0.47734374 0.61203706 0.096354164 0.072222225
2 0.40364584 0.62083334 0.09375 0.06574074
0 0.37864584 0.6319444 0.01875 0.10462963
2 0.46197918 0.66805553 0.10104167 0.13425925
2 0.46588543 0.8310185 0.22135417 0.32685184
1 0.28828126 0.6212963 0.0234375 0.087037034
2 0.23984376 0.61203706 0.11302083 0.07037037
2 0.20651041 0.59074074 0.102604166 0.055555556
1 0.34453124 0.59768516 0.024479168 0.04537037
