2 0.84166664 0.774537 0.31666666 0.45092592
1 0.65546876 0.6634259 0.008854167 0.041666668
1 0.61354166 0.66064817 0.010416667 0.041666668
2 0.571875 0.6634259 0.051041666 0.08240741
4 0.5203125 0.63796294 0.016666668 0.037037037
3 0.49401042 0.6467593 0.050520834 0.08425926
2 0.49114582 0.6097222 0.0375 0.075
2 0.47083333 0.64305556 0.008333334 0.013888889
2 0.45885417 0.6449074 0.009375 0.012037037
2 0.41614583 0.6513889 0.027083334 0.03425926
2 0.3513021 0.65925926 0.049479168 0.05925926
2 0.31744793 0.65925926 0.040104166 0.048148148
2 0.20703125 0.6699074 0.1328125 0.13981481
1 0.0453125 0.6638889 0.03125 0.075925924
