3 0.17682292 0.50046295 0.35364583 0.9990741
3 0.47395834 0.5212963 0.16666667 0.4351852
1 0.60807294 0.6324074 0.0578125 0.11111111
1 0.6411458 0.6050926 0.020833334 0.06388889
1 0.6877604 0.61296296 0.033854168 0.087037034
1 0.7234375 0.58148146 0.03125 0.06481481
0 0.75208336 0.587963 0.011458334 0.072222225
0 0.7674479 0.587037 0.0140625 0.075925924
1 0.80677086 0.62916666 0.047916666 0.108333334
0 0.8598958 0.63842595 0.020833334 0.11018518
1 0.86067706 0.63935184 0.0515625 0.125
0 0.79609376 0.58055556 0.016145833 0.08148148
1 0.67057294 0.6064815 0.0265625 0.075925924
2 0.8171875 0.5833333 0.08958333 0.06666667
