2 0.13619791 0.6634259 0.11927083 0.108333334
3 0.140625 0.6388889 0.12291667 0.1
2 0.25989583 0.66064817 0.051041666 0.05462963
2 0.2890625 0.6537037 0.055208333 0.07037037
2 0.33359376 0.662037 0.06302083 0.062962964
2 0.371875 0.65462965 0.03125 0.037037037
5 0.39166668 0.64537036 0.021875 0.035185184
2 0.48723957 0.65 0.0296875 0.046296295
2 0.52473956 0.69722223 0.1078125 0.1537037
2 0.53125 0.64305556 0.034375 0.06944445
1 0.6997396 0.66712964 0.015104166 0.036111113
2 0.6351563 0.649537 0.0265625 0.019444445
