2 0.044270832 0.60555553 0.0875 0.074074075
2 0.06953125 0.6041667 0.09322917 0.073148146
1 0.33515626 0.6199074 0.0171875 0.08055556
4 0.30182293 0.5787037 0.13385417 0.16296296
2 0.3763021 0.600463 0.0640625 0.08981481
2 0.4143229 0.61435187 0.046354167 0.05648148
2 0.4440104 0.6226852 0.06302083 0.09351852
2 0.4841146 0.61296296 0.016145833 0.025925925
2 0.5078125 0.6111111 0.0125 0.018518519
2 0.55052084 0.61064816 0.0125 0.019444445
2 0.5591146 0.60231483 0.0109375 0.019444445
5 0.5796875 0.62453705 0.017708333 0.05648148
2 0.59791666 0.6180556 0.015625 0.025
4 0.63151044 0.5986111 0.058854166 0.10462963
4 0.7078125 0.56574076 0.16770834 0.27222222
2 0.82421875 0.59814817 0.0578125 0.05925926
2 0.9497396 0.59675926 0.100520834 0.09351852
2 0.9046875 0.59675926 0.05 0.05462963
5 0.49583334 0.6041667 0.019791666 0.043518517
