1 0.059114583 0.68472224 0.102604166 0.15648147
1 0.12734374 0.6782407 0.0921875 0.15277778
2 0.112239584 0.6412037 0.16822916 0.13796297
0 0.21822916 0.66851854 0.009375 0.042592593
1 0.22942708 0.6666667 0.011979166 0.035185184
1 0.27604166 0.6643519 0.027083334 0.049074072
0 0.3122396 0.6634259 0.0078125 0.049074072
3 0.38098958 0.650463 0.0359375 0.06759259
2 0.42760417 0.66018516 0.014583333 0.027777778
4 0.57604164 0.6375 0.27708334 0.13240741
2 0.6122396 0.67638886 0.15260416 0.106481485
2 0.6411458 0.67083335 0.1125 0.08055556
1 0.753125 0.7115741 0.108333334 0.16203703
0 0.76927084 0.6712963 0.0072916667 0.044444446
2 0.8364583 0.68472224 0.13958333 0.0712963
