2 0.8309896 0.6611111 0.06302083 0.09074074
2 0.7026042 0.66064817 0.0375 0.039814815
1 0.6752604 0.662963 0.011979166 0.05185185
2 0.55052084 0.67314816 0.039583333 0.05185185
2 0.5229167 0.6657407 0.013541667 0.016666668
2 0.50390625 0.6643519 0.008854167 0.015740741
4 0.49583334 0.6634259 0.008333334 0.015740741
2 0.45546874 0.66805553 0.019270834 0.026851851
1 0.44166666 0.66805553 0.00625 0.019444445
1 0.28229168 0.67638886 0.011458334 0.04537037
2 0.2966146 0.66805553 0.031770833 0.041666668
