3 0.84739584 0.6259259 0.30520833 0.74814814
2 0.53255206 0.59814817 0.0296875 0.05185185
2 0.38958332 0.6037037 0.040625 0.05
2 0.315625 0.60555553 0.044791665 0.05925926
2 0.28229168 0.6087963 0.033333335 0.047222223
2 0.35416666 0.59675926 0.023958333 0.03425926
2 0.41302082 0.5875 0.01875 0.03425926
2 0.46510416 0.5763889 0.011458334 0.021296296
4 0.5203125 0.56527776 0.016666668 0.037962962
3 0.49479166 0.5648148 0.015625 0.04074074
3 0.4359375 0.5587963 0.011458334 0.032407407
1 0.028385418 0.6458333 0.0296875 0.06759259
1 0.1703125 0.6134259 0.019791666 0.041666668
1 0.67604166 0.587963 0.021875 0.037037037
3 0.6544271 0.5833333 0.0140625 0.033333335
