2 0.07473958 0.72175926 0.1484375 0.4027778
1 0.25104168 0.63148147 0.025 0.09074074
2 0.24166666 0.6328704 0.058333334 0.060185187
2 0.3033854 0.62546295 0.0390625 0.050925925
2 0.38463542 0.6259259 0.0359375 0.055555556
2 0.35546875 0.6166667 0.018229166 0.025925925
2 0.4015625 0.6203704 0.027083334 0.04074074
4 0.40833333 0.6 0.03125 0.055555556
2 0.44635418 0.61527777 0.016666668 0.030555556
2 0.5101563 0.6236111 0.025520833 0.032407407
2 0.55078125 0.63148147 0.0421875 0.05740741
2 0.5921875 0.6425926 0.063541666 0.083333336
2 0.6773437 0.6657407 0.12447917 0.12962963
