2 0.06328125 0.73657405 0.1265625 0.26203704
2 0.061458334 0.6300926 0.12291667 0.16388889
2 0.17552084 0.6912037 0.13125 0.13611111
0 0.25078124 0.60601854 0.013020833 0.04537037
1 0.38541666 0.6226852 0.015625 0.050925925
2 0.371875 0.6199074 0.03125 0.047222223
2 0.41901043 0.60462964 0.019270834 0.02962963
2 0.39947918 0.61064816 0.021875 0.037962962
1 0.41484374 0.6166667 0.013020833 0.044444446
2 0.44244793 0.61064816 0.0296875 0.04537037
2 0.45807293 0.6125 0.019270834 0.03425926
2 0.5033854 0.600463 0.0171875 0.032407407
2 0.4846354 0.60925925 0.021354167 0.031481482
2 0.36041668 0.5935185 0.019791666 0.025925925
2 0.965625 0.68796295 0.067708336 0.1037037
2 0.9528646 0.6611111 0.09427083 0.11666667
2 0.92317706 0.65 0.14322917 0.12592593
2 0.6901042 0.6074074 0.07395833 0.05740741
