2 0.7625 0.71712965 0.184375 0.18611111
2 0.5289062 0.63611114 0.0171875 0.037037037
2 0.5424479 0.6472222 0.024479168 0.037037037
2 0.5609375 0.65185183 0.030208332 0.053703703
2 0.5890625 0.6550926 0.054166667 0.09166667
2 0.5015625 0.65694445 0.047916666 0.08055556
2 0.46510416 0.6398148 0.011458334 0.018518519
2 0.45598957 0.6402778 0.009895833 0.013888889
2 0.44140625 0.64305556 0.015104166 0.025
2 0.42786458 0.6421296 0.019270834 0.028703704
2 0.38984376 0.64537036 0.0328125 0.044444446
2 0.41328126 0.6388889 0.0171875 0.031481482
2 0.2390625 0.6791667 0.17708333 0.23981482
