4 0.23567708 0.65833336 0.075520836 0.05740741
2 0.28411457 0.66481483 0.0390625 0.031481482
2 0.31848958 0.6837963 0.06822917 0.0787037
2 0.35572916 0.68194443 0.046875 0.0712963
2 0.40078124 0.6800926 0.036979165 0.047222223
1 0.44453126 0.67083335 0.013020833 0.060185187
2 0.48151043 0.66712964 0.043229166 0.032407407
2 0.50416666 0.6611111 0.040625 0.035185184
1 0.54609376 0.6722222 0.016145833 0.03888889
2 0.52760416 0.65416664 0.0125 0.017592592
2 0.7445313 0.74814814 0.23697917 0.3425926
1 0.871875 0.725463 0.078125 0.24722221
2 0.8856771 0.71574074 0.15885417 0.16851851
