0 0.96875 0.6398148 0.025 0.13333334
2 0.8299479 0.68703705 0.22239584 0.22592592
1 0.790625 0.72175926 0.12604167 0.4027778
2 0.7190104 0.6638889 0.1390625 0.14814815
2 0.67578125 0.63935184 0.11927083 0.10092592
1 0.5671875 0.6824074 0.06666667 0.24259259
1 0.53046876 0.6287037 0.016145833 0.07037037
2 0.5231771 0.6175926 0.0203125 0.04074074
2 0.50208336 0.61851853 0.015625 0.02037037
2 0.4919271 0.6157407 0.0109375 0.02037037
2 0.44817707 0.6157407 0.0109375 0.018518519
2 0.440625 0.6148148 0.013541667 0.022222223
2 0.38802084 0.61851853 0.017708333 0.024074074
2 0.3046875 0.6486111 0.10208333 0.13055556
2 0.11796875 0.74953705 0.23072916 0.46944445
