2 0.9164063 0.7060185 0.047395833 0.037962962
2 0.8627604 0.70416665 0.059895832 0.04537037
2 0.79895836 0.70555556 0.061458334 0.046296295
2 0.74296874 0.7087963 0.086979166 0.058333334
3 0.6997396 0.6634259 0.19114584 0.13240741
2 0.56458336 0.70185184 0.06979167 0.044444446
2 0.42083332 0.6921296 0.017708333 0.028703704
2 0.3609375 0.69861114 0.14270833 0.08240741
2 0.24088542 0.6773148 0.122395836 0.09907407
3 0.175 0.63796294 0.25520834 0.14444445
2 0.11119792 0.6759259 0.11302083 0.062962964
2 0.033854168 0.6662037 0.067708336 0.06388889
