0 0.11302083 0.6490741 0.008333334 0.04074074
1 0.14348958 0.6513889 0.016145833 0.04537037
1 0.18828125 0.6481481 0.0140625 0.042592593
1 0.2 0.64768517 0.015625 0.043518517
2 0.36640626 0.63935184 0.027604166 0.039814815
2 0.3986979 0.6421296 0.031770833 0.03425926
2 0.39348957 0.6319444 0.0234375 0.043518517
2 0.41328126 0.6425926 0.021354167 0.02962963
2 0.4231771 0.6388889 0.0171875 0.031481482
4 0.41770834 0.6287037 0.026041666 0.046296295
2 0.44244793 0.6412037 0.0234375 0.028703704
2 0.45234376 0.63796294 0.013020833 0.02037037
2 0.50390625 0.63796294 0.024479168 0.031481482
2 0.5132812 0.63472223 0.015104166 0.021296296
0 0.7065104 0.64166665 0.008854167 0.03888889
1 0.8236979 0.64166665 0.025520833 0.03888889
1 0.8674479 0.64166665 0.034895834 0.06666667
3 0.8981771 0.61435187 0.13489583 0.10092592
2 0.91302085 0.64166665 0.090625 0.046296295
2 0.959375 0.6402778 0.08125 0.05462963
1 0.2296875 0.6462963 0.015625 0.037037037
1 0.00703125 0.6564815 0.0140625 0.048148148
1 0.3234375 0.6458333 0.009375 0.021296296
