2 0.04453125 0.62453705 0.055729166 0.0712963
2 0.087239586 0.6351852 0.036979165 0.04074074
2 0.12473958 0.63148147 0.0390625 0.04074074
2 0.20442708 0.72962964 0.1890625 0.26296297
2 0.30859375 0.59537035 0.0140625 0.02037037
2 0.39791667 0.6527778 0.044791665 0.06666667
2 0.3580729 0.5717593 0.009895833 0.013888889
1 0.46770832 0.6203704 0.011458334 0.037037037
2 0.6645833 0.6953704 0.098958336 0.1388889
2 0.6828125 0.66018516 0.07604167 0.09259259
2 0.50703126 0.6111111 0.0140625 0.018518519
