3 0.2815104 0.60833335 0.11302083 0.19074073
2 0.44921875 0.6296296 0.013020833 0.016666668
2 0.49479166 0.62777776 0.014583333 0.024074074
2 0.5132812 0.63148147 0.019270834 0.031481482
5 0.6322917 0.6310185 0.035416666 0.06388889
2 0.7341146 0.6287037 0.0515625 0.05740741
2 0.8361979 0.6342593 0.086979166 0.075925924
2 0.93098956 0.6300926 0.080729164 0.06944445
0 0.9794271 0.65185183 0.034895834 0.17592593
0 0.9848958 0.7083333 0.030208332 0.23148148
1 0.21432291 0.6421296 0.0171875 0.05277778
