2 0.02421875 0.67314816 0.047395833 0.18703704
2 0.22447917 0.64537036 0.08229167 0.096296296
2 0.30651042 0.6180556 0.0234375 0.025
2 0.31927082 0.61851853 0.03125 0.018518519
2 0.3356771 0.61851853 0.024479168 0.018518519
2 0.36041668 0.6337963 0.032291666 0.036111113
2 0.39010417 0.6296296 0.03125 0.037037037
3 0.4153646 0.62175924 0.0296875 0.05277778
2 0.4453125 0.6180556 0.017708333 0.023148147
2 0.5367187 0.6481481 0.0703125 0.11666667
2 0.5981771 0.63796294 0.058854166 0.085185185
1 0.6559896 0.6310185 0.0171875 0.062037036
2 0.50416666 0.61064816 0.011458334 0.017592592
