1 0.7247396 0.68472224 0.022395832 0.0787037
0 0.82604164 0.6884259 0.017708333 0.08611111
1 0.7135417 0.67638886 0.020833334 0.060185187
1 0.65755206 0.662963 0.015104166 0.048148148
0 0.61875 0.6462963 0.0072916667 0.02962963
1 0.60625 0.6513889 0.0072916667 0.03425926
2 0.5296875 0.6365741 0.014583333 0.021296296
1 0.5747396 0.6365741 0.0046875 0.023148147
3 0.5 0.6199074 0.025 0.06574074
2 0.4674479 0.6365741 0.016145833 0.026851851
1 0.39661458 0.6388889 0.005729167 0.024074074
1 0.43229166 0.6342593 0.0052083335 0.02037037
0 0.41822916 0.6337963 0.004166667 0.019444445
0 0.390625 0.6287037 0.0052083335 0.024074074
0 0.2671875 0.6527778 0.010416667 0.05185185
0 0.15572916 0.6736111 0.015625 0.062037036
1 0.140625 0.6805556 0.030208332 0.06481481
1 0.075520836 0.6912037 0.0375 0.08796296
