2 0.9322917 0.63703704 0.109375 0.10555556
2 0.8411458 0.65324074 0.12916666 0.11388889
0 0.78333336 0.65833336 0.055208333 0.23888889
0 0.70625 0.63148147 0.022916667 0.1037037
2 0.5825521 0.6467593 0.1890625 0.121296294
2 0.5018229 0.6296296 0.069270834 0.09074074
2 0.41302082 0.61064816 0.09375 0.11574074
0 0.42109376 0.63148147 0.034895834 0.12037037
0 0.32916668 0.62314814 0.016666668 0.10185185
0 0.31927082 0.625 0.034375 0.11666667
2 0.33098957 0.62314814 0.07447917 0.09259259
2 0.23958333 0.61388886 0.10729167 0.1037037
0 0.19973959 0.62546295 0.025520833 0.11018518
2 0.17135416 0.61435187 0.092708334 0.09351852
2 0.06666667 0.61157405 0.13229166 0.13055556
