3 0.1578125 0.6078704 0.06458333 0.05277778
2 0.1375 0.6226852 0.048958335 0.043518517
2 0.22708334 0.6125 0.022916667 0.023148147
3 0.35338542 0.59212965 0.034895834 0.058333334
3 0.40729168 0.59768516 0.013541667 0.021296296
3 0.41692707 0.59305555 0.011979166 0.025
3 0.425 0.59537035 0.011458334 0.02037037
2 0.45885417 0.6018519 0.009375 0.0129629625
2 0.47057292 0.6027778 0.008854167 0.011111111
2 0.87630206 0.6337963 0.091145836 0.06388889
2 0.9794271 0.64074075 0.040104166 0.11296296
2 0.9690104 0.6199074 0.061979167 0.06574074
2 0.18932292 0.61203706 0.0234375 0.027777778
