2 0.049479168 0.69166666 0.098958336 0.14444445
2 0.16588542 0.6851852 0.2640625 0.32407406
2 0.3356771 0.6699074 0.0546875 0.060185187
3 0.33229166 0.6328704 0.06875 0.11203704
3 0.38541666 0.6425926 0.01875 0.033333335
2 0.4138021 0.67685187 0.059895832 0.07962963
2 0.4484375 0.6634259 0.029166667 0.049074072
2 0.4611979 0.66157407 0.019270834 0.030555556
2 0.48046875 0.65462965 0.018229166 0.031481482
2 0.49583334 0.65787035 0.016666668 0.030555556
2 0.5059896 0.6643519 0.025520833 0.039814815
