2 0.035677083 0.71435183 0.071354166 0.18981482
2 0.09921875 0.67453706 0.1328125 0.18055555
2 0.19765624 0.68194443 0.09322917 0.10462963
2 0.2578125 0.6736111 0.063541666 0.08611111
2 0.2955729 0.6689815 0.0484375 0.07685185
2 0.3200521 0.65324074 0.0328125 0.04537037
2 0.35520834 0.6824074 0.08125 0.094444446
2 0.40260416 0.65555555 0.022916667 0.031481482
4 0.453125 0.6388889 0.035416666 0.072222225
4 0.49322918 0.64537036 0.021875 0.046296295
2 0.5463542 0.6652778 0.01875 0.028703704
2 0.5934896 0.662963 0.0390625 0.074074075
2 0.61015624 0.66851854 0.046354167 0.07962963
2 0.62630206 0.6837963 0.043229166 0.075
2 0.6507813 0.6925926 0.0578125 0.085185185
2 0.69739586 0.70694447 0.08229167 0.11574074
2 0.8127604 0.69861114 0.19010417 0.2212963
1 0.8171875 0.7430556 0.078125 0.30833334
