2 0.9044271 0.6310185 0.061979167 0.037962962
2 0.8669271 0.62685186 0.052604165 0.037037037
2 0.8361979 0.6300926 0.049479168 0.030555556
1 0.6375 0.6319444 0.01875 0.047222223
2 0.48046875 0.6462963 0.053645834 0.07962963
2 0.45807293 0.62916666 0.038020834 0.06388889
2 0.4361979 0.6263889 0.025520833 0.043518517
2 0.39270833 0.62314814 0.022916667 0.05
2 0.38489583 0.62916666 0.029166667 0.041666668
2 0.3734375 0.6236111 0.015625 0.026851851
3 0.28541666 0.56527776 0.15625 0.31388888
3 0.15703125 0.48518518 0.3109375 0.96666664
2 0.9578125 0.6240741 0.04375 0.035185184
