1 0.80859375 0.7 0.040104166 0.11111111
1 0.77994794 0.6953704 0.031770833 0.094444446
0 0.75416666 0.67453706 0.014583333 0.075
0 0.7367188 0.66944444 0.015104166 0.06481481
0 0.65260416 0.650463 0.009375 0.047222223
1 0.5981771 0.6462963 0.0078125 0.035185184
0 0.58463544 0.64305556 0.0078125 0.03425926
2 0.5179688 0.6287037 0.011979166 0.02037037
3 0.49505207 0.61388886 0.0265625 0.06851852
0 0.384375 0.63796294 0.00625 0.022222223
1 0.3736979 0.6412037 0.0078125 0.028703704
1 0.3127604 0.6486111 0.009895833 0.04537037
0 0.24739583 0.6481481 0.014583333 0.072222225
0 0.14401041 0.6574074 0.009895833 0.05185185
2 0.19036458 0.65787035 0.09322917 0.047222223
