2 0.07083333 0.6365741 0.038541667 0.028703704
3 0.083072916 0.6203704 0.056770835 0.055555556
2 0.190625 0.67638886 0.19166666 0.20092593
2 0.27734375 0.6351852 0.0453125 0.05
2 0.29973957 0.61203706 0.0484375 0.085185185
2 0.32734376 0.63148147 0.0296875 0.04074074
3 0.33880207 0.6101852 0.034895834 0.072222225
3 0.35078126 0.6078704 0.036979165 0.07685185
3 0.36927083 0.6097222 0.029166667 0.062037036
2 0.38359374 0.62453705 0.0109375 0.023148147
2 0.3953125 0.62453705 0.013541667 0.017592592
3 0.4 0.61851853 0.013541667 0.02962963
3 0.40989584 0.61388886 0.021875 0.03888889
2 0.44010416 0.61851853 0.011458334 0.016666668
2 0.44921875 0.6226852 0.016145833 0.021296296
3 0.46171874 0.6180556 0.0109375 0.023148147
2 0.4640625 0.6226852 0.013541667 0.015740741
2 0.47239584 0.62222224 0.010416667 0.0129629625
2 0.48645833 0.62175924 0.013541667 0.017592592
2 0.5018229 0.6199074 0.008854167 0.017592592
2 0.4984375 0.62314814 0.010416667 0.014814815
1 0.55833334 0.63472223 0.009375 0.043518517
