2 0.89270836 0.7875 0.21458334 0.425
2 0.6145833 0.66018516 0.054166667 0.09259259
2 0.67552084 0.6888889 0.103125 0.13333334
3 0.5484375 0.59768516 0.171875 0.36944443
2 0.5356771 0.53657407 0.12552084 0.24537037
2 0.45677084 0.64305556 0.016666668 0.032407407
2 0.44427082 0.64768517 0.021875 0.032407407
2 0.421875 0.6490741 0.035416666 0.044444446
4 0.3828125 0.62314814 0.061458334 0.096296296
2 0.30859375 0.66064817 0.09322917 0.09166667
4 0.25416666 0.6134259 0.08020833 0.16944444
2 0.09348958 0.7013889 0.18697916 0.2212963
