2 0.46510416 0.59675926 0.025 0.039814815
3 0.50208336 0.5717593 0.028125 0.0712963
2 0.4890625 0.62453705 0.057291668 0.07685185
1 0.62916666 0.59675926 0.0125 0.039814815
2 0.64713544 0.5875 0.019270834 0.028703704
2 0.68125 0.5939815 0.036458332 0.04537037
2 0.7447917 0.58148146 0.03125 0.037037037
2 0.78125 0.59212965 0.05 0.041666668
2 0.81380206 0.57824075 0.033854168 0.03425926
2 0.85729164 0.5837963 0.053125 0.047222223
2 0.89635414 0.5763889 0.030208332 0.028703704
2 0.94739586 0.59074074 0.048958335 0.04074074
