2 0.05078125 0.70185184 0.1015625 0.16296296
2 0.14114584 0.6912037 0.10729167 0.14166667
2 0.21432291 0.70185184 0.2171875 0.22407408
2 0.31848958 0.6824074 0.043229166 0.075925924
0 0.32734376 0.6824074 0.018229166 0.098148145
2 0.35416666 0.6800926 0.046875 0.06759259
2 0.40130207 0.6634259 0.043229166 0.0712963
2 0.4752604 0.70046294 0.1609375 0.24722221
2 0.5549479 0.67546296 0.0546875 0.10092592
2 0.58020836 0.66064817 0.013541667 0.025
1 0.64375 0.66851854 0.015625 0.06666667
0 0.6763021 0.70046294 0.0421875 0.22685185
0 0.7111979 0.65787035 0.008854167 0.037962962
0 0.7348958 0.65462965 0.011458334 0.06111111
0 0.7473958 0.6537037 0.013541667 0.06666667
0 0.78984374 0.64537036 0.0078125 0.05
0 0.8151042 0.6638889 0.023958333 0.10185185
0 0.8596354 0.65555555 0.027604166 0.12222222
2 0.8153646 0.62453705 0.046354167 0.043518517
