2 0.0484375 0.7115741 0.094791666 0.175
2 0.12864584 0.6949074 0.10208333 0.12685186
2 0.19713542 0.69027776 0.0734375 0.10462963
2 0.24635416 0.6884259 0.05625 0.073148146
2 0.27890626 0.68564814 0.0546875 0.062037036
2 0.3138021 0.68194443 0.0296875 0.04537037
2 0.33098957 0.6824074 0.036979165 0.04074074
2 0.36145833 0.68703705 0.042708334 0.048148148
2 0.42005208 0.6791667 0.0265625 0.039814815
2 0.45234376 0.68194443 0.030729167 0.039814815
2 0.484375 0.68194443 0.039583333 0.06944445
1 0.53828126 0.69861114 0.024479168 0.11388889
1 0.58385414 0.69953704 0.027083334 0.11203704
2 0.6424479 0.69722223 0.07864583 0.085185185
2 0.7661458 0.71435183 0.114583336 0.14351852
