2 0.034114584 0.7111111 0.06822917 0.11481482
2 0.25078124 0.68472224 0.100520834 0.125
1 0.30729166 0.6791667 0.010416667 0.037962962
2 0.34192708 0.6805556 0.047395833 0.074074075
2 0.44270834 0.67638886 0.03125 0.041666668
2 0.18489583 0.7013889 0.12604167 0.08981481
2 0.0609375 0.675 0.121875 0.16666667
2 0.12265625 0.6875 0.0515625 0.08611111
2 0.5627604 0.7699074 0.22864583 0.325
1 0.6518229 0.67685187 0.0109375 0.037037037
1 0.7132813 0.6925926 0.0203125 0.06851852
2 0.8544271 0.6625 0.09010417 0.06388889
2 0.9669271 0.6597222 0.06614583 0.060185187
2 0.75625 0.6638889 0.042708334 0.031481482
