2 0.9273437 0.8101852 0.1453125 0.32222223
1 0.7210938 0.6597222 0.0203125 0.062037036
3 0.6432292 0.6310185 0.047916666 0.0787037
2 0.6273438 0.6564815 0.038020834 0.05925926
2 0.6171875 0.62685186 0.034375 0.05740741
2 0.59765625 0.63148147 0.019270834 0.027777778
2 0.5875 0.62083334 0.016666668 0.023148147
2 0.57942706 0.6171296 0.011979166 0.017592592
2 0.57239586 0.61388886 0.009375 0.014814815
2 0.55677086 0.6259259 0.017708333 0.025925925
4 0.53489584 0.6050926 0.014583333 0.026851851
2 0.39947918 0.6009259 0.039583333 0.025925925
2 0.18098958 0.60601854 0.07864583 0.04537037
2 0.15755208 0.60555553 0.0953125 0.05185185
2 0.13776042 0.60833335 0.09010417 0.05740741
2 0.0890625 0.6041667 0.06458333 0.06944445
2 0.07447917 0.5949074 0.065625 0.041666668
2 0.028385418 0.5935185 0.056770835 0.04074074
2 0.17786458 0.8111111 0.32447916 0.3314815
