2 0.93828124 0.6342593 0.12135417 0.1037037
2 0.9213542 0.6550926 0.15520833 0.097222224
2 0.72786456 0.6458333 0.16510417 0.11574074
0 0.6382812 0.6365741 0.013020833 0.06388889
2 0.58802086 0.6490741 0.05 0.085185185
1 0.5328125 0.6458333 0.017708333 0.0787037
4 0.44244793 0.5555556 0.16614583 0.3462963
3 0.06875 0.4263889 0.06458333 0.40833333
2 0.24739583 0.62314814 0.016666668 0.02037037
2 0.26640624 0.6226852 0.021354167 0.028703704
2 0.2971354 0.62083334 0.009895833 0.013888889
2 0.3111979 0.62083334 0.008854167 0.013888889
4 0.34609374 0.61435187 0.0078125 0.017592592
2 0.36354166 0.63055557 0.021875 0.04074074
