1 0.10234375 0.6773148 0.0546875 0.16018519
2 0.1109375 0.6652778 0.15416667 0.13981481
2 0.20703125 0.66851854 0.071354166 0.09074074
2 0.27942708 0.6611111 0.0453125 0.055555556
5 0.2971354 0.6574074 0.050520834 0.11851852
2 0.31744793 0.6527778 0.0265625 0.042592593
2 0.5138021 0.6689815 0.058854166 0.08055556
0 0.8265625 0.6666667 0.01875 0.094444446
2 0.87578124 0.675 0.084895834 0.10555556
2 0.8263021 0.65 0.0796875 0.09259259
2 0.7625 0.65787035 0.07395833 0.06388889
2 0.74921876 0.65185183 0.071354166 0.062962964
2 0.70703125 0.64537036 0.056770835 0.05
