2 0.9669271 0.61527777 0.06302083 0.097222224
2 0.9664062 0.599537 0.06302083 0.10277778
2 0.9007813 0.61527777 0.10885417 0.11018518
0 0.91276044 0.6287037 0.034895834 0.18333334
2 0.8221354 0.6166667 0.0828125 0.087037034
2 0.7674479 0.6212963 0.1015625 0.09074074
1 0.6190104 0.62777776 0.022395832 0.098148145
1 0.5960938 0.6236111 0.019270834 0.0787037
2 0.47942707 0.6611111 0.13385417 0.20925926
2 0.39401042 0.6018519 0.021354167 0.031481482
2 0.12473958 0.59907407 0.06614583 0.046296295
3 0.18046875 0.58935183 0.0765625 0.062037036
2 0.07109375 0.6097222 0.100520834 0.062037036
