0 0.02734375 0.6828704 0.008854167 0.043518517
2 0.21276042 0.6953704 0.0671875 0.07962963
2 0.24661459 0.6837963 0.025520833 0.03425926
2 0.30572918 0.70185184 0.058333334 0.09074074
3 0.34869793 0.67314816 0.009895833 0.022222223
0 0.39557293 0.68472224 0.0046875 0.026851851
0 0.45625 0.7023148 0.013541667 0.060185187
0 0.5955729 0.70555556 0.021354167 0.12222222
2 0.70416665 0.70416665 0.09375 0.06944445
2 0.7473958 0.7162037 0.18020834 0.11574074
0 0.8299479 0.70694447 0.024479168 0.16944444
2 0.37604168 0.67546296 0.00625 0.012037037
