1 0.8567708 0.6273148 0.028125 0.04537037
3 0.69661456 0.67638886 0.20885417 0.28055555
2 0.5911458 0.6342593 0.083333336 0.14814815
2 0.5335938 0.6236111 0.031770833 0.047222223
2 0.4997396 0.6189815 0.031770833 0.049074072
2 0.5033854 0.63796294 0.041145835 0.06481481
2 0.47161457 0.7259259 0.100520834 0.16481481
4 0.46614584 0.59675926 0.009375 0.017592592
2 0.45390624 0.6111111 0.0140625 0.022222223
2 0.44817707 0.61435187 0.0140625 0.025
2 0.43333334 0.6180556 0.023958333 0.032407407
2 0.38046876 0.63703704 0.0578125 0.083333336
3 0.28515625 0.60555553 0.0921875 0.07962963
2 0.28229168 0.70416665 0.11875 0.14537036
2 0.18697916 0.67453706 0.098958336 0.10277778
2 0.21692708 0.59814817 0.041145835 0.035185184
2 0.16458334 0.6 0.045833334 0.035185184
2 0.13229166 0.6 0.0375 0.035185184
2 0.10859375 0.5939815 0.033854168 0.026851851
2 0.071354166 0.6 0.040625 0.035185184
2 0.03125 0.59907407 0.046875 0.035185184
