4 0.7757813 0.6388889 0.29322916 0.35555556
2 0.5815104 0.6675926 0.0171875 0.027777778
3 0.565625 0.6657407 0.020833334 0.042592593
2 0.5494792 0.6736111 0.015625 0.021296296
3 0.5278646 0.66712964 0.033854168 0.060185187
2 0.4997396 0.67175925 0.031770833 0.05462963
2 0.4700521 0.68935186 0.034895834 0.041666668
2 0.4484375 0.6884259 0.040625 0.04537037
2 0.41328126 0.68333334 0.043229166 0.05925926
2 0.38671875 0.6898148 0.058854166 0.062962964
2 0.35364583 0.6865741 0.051041666 0.05277778
3 0.26197916 0.62222224 0.20104167 0.2462963
3 0.10546875 0.6597222 0.2109375 0.23796296
