0 0.046614584 0.5703704 0.015104166 0.05925926
1 0.22994791 0.5888889 0.036979165 0.055555556
0 0.24739583 0.5625 0.00625 0.03425926
0 0.2546875 0.5625 0.00625 0.032407407
1 0.40625 0.59212965 0.010416667 0.039814815
1 0.43203124 0.6037037 0.021354167 0.053703703
0 0.5138021 0.6097222 0.0109375 0.058333334
1 0.58125 0.63796294 0.088541664 0.14629629
1 0.5651042 0.6273148 0.079166666 0.12685186
2 0.8578125 0.62175924 0.13020833 0.08425926
2 0.7856771 0.6175926 0.10989583 0.075925924
4 0.9453125 0.600463 0.108333334 0.13055556
