2 0.15755208 0.58194447 0.058854166 0.05648148
2 0.2703125 0.587963 0.090625 0.07962963
2 0.3984375 0.68425924 0.19895834 0.2962963
2 0.48177084 0.61064816 0.03125 0.060185187
2 0.5338542 0.6134259 0.028125 0.041666668
2 0.50989586 0.6175926 0.04375 0.07777778
3 0.58671874 0.5847222 0.069270834 0.13425925
2 0.60859376 0.66157407 0.1421875 0.1675926
2 0.715625 0.62222224 0.13333334 0.2074074
2 0.778125 0.62453705 0.047916666 0.05277778
1 0.82708335 0.66805553 0.03125 0.106481485
2 0.9195312 0.67453706 0.1609375 0.28055555
