1 0.90833336 0.7023148 0.014583333 0.05277778
0 0.79557294 0.6962963 0.0203125 0.074074075
2 0.8153646 0.6958333 0.053645834 0.06944445
2 0.7872396 0.6828704 0.038020834 0.058333334
3 0.78489584 0.6587963 0.05 0.09907407
2 0.7242187 0.6828704 0.036979165 0.05462963
2 0.7015625 0.66805553 0.015625 0.023148147
2 0.64635414 0.66805553 0.038541667 0.025
2 0.6231771 0.6652778 0.015104166 0.023148147
0 0.57734376 0.6652778 0.0078125 0.039814815
0 0.57109374 0.6662037 0.0078125 0.037962962
2 0.5640625 0.6625 0.033333335 0.026851851
2 0.52994794 0.662037 0.040104166 0.04074074
2 0.49166667 0.65787035 0.036458332 0.023148147
2 0.44140625 0.6703704 0.0859375 0.09259259
2 0.34661457 0.63935184 0.0734375 0.06944445
2 0.32239583 0.6527778 0.055208333 0.04074074
4 0.12838541 0.55 0.2546875 0.42777777
