0 0.06614583 0.5671296 0.021875 0.0787037
0 0.19270833 0.5740741 0.011458334 0.042592593
1 0.290625 0.5949074 0.025 0.07685185
1 0.35078126 0.5865741 0.0078125 0.032407407
2 0.34375 0.5824074 0.014583333 0.02037037
2 0.3625 0.5824074 0.013541667 0.022222223
1 0.40260416 0.5949074 0.019791666 0.06388889
1 0.42578125 0.60462964 0.0171875 0.062962964
1 0.46875 0.6175926 0.026041666 0.11111111
2 0.515625 0.62453705 0.08229167 0.11388889
2 0.48046875 0.6125 0.058854166 0.08240741
2 0.6153646 0.6189815 0.080729164 0.108333334
2 0.79322916 0.6712963 0.359375 0.38518518
2 0.94140625 0.8277778 0.116145834 0.33888888
1 0.3921875 0.5949074 0.023958333 0.039814815
