0 0.15911458 0.58842593 0.008854167 0.049074072
0 0.24947916 0.58935183 0.010416667 0.043518517
2 0.25703126 0.5912037 0.005729167 0.037962962
2 0.30078125 0.59907407 0.0296875 0.033333335
2 0.34166667 0.59537035 0.021875 0.024074074
2 0.45234376 0.5972222 0.016145833 0.02037037
1 0.4622396 0.6064815 0.0140625 0.044444446
1 0.5096354 0.6259259 0.0265625 0.098148145
1 0.6127604 0.6328704 0.028645834 0.08425926
0 0.6890625 0.6097222 0.011458334 0.047222223
0 0.809375 0.6273148 0.019791666 0.08796296
2 0.9106771 0.6328704 0.11302083 0.060185187
1 0.95104164 0.66481483 0.078125 0.17222223
