2 0.07213542 0.6259259 0.084895834 0.072222225
1 0.00546875 0.6166667 0.0109375 0.035185184
2 0.22473958 0.62314814 0.07447917 0.09259259
2 0.25677082 0.62777776 0.048958335 0.06481481
3 0.27526042 0.57916665 0.07239583 0.14166667
2 0.3078125 0.61851853 0.025 0.044444446
3 0.33880207 0.6064815 0.021354167 0.042592593
2 0.3736979 0.61527777 0.013020833 0.021296296
4 0.38880208 0.6078704 0.013020833 0.026851851
3 0.45208332 0.5837963 0.058333334 0.14351852
2 0.48958334 0.63935184 0.059375 0.08425926
2 0.5833333 0.66805553 0.13958333 0.17685185
0 0.6794271 0.64444447 0.013020833 0.06851852
0 0.65703124 0.6462963 0.011979166 0.062962964
1 0.64973956 0.65925926 0.022395832 0.07962963
2 0.3127604 0.6189815 0.027604166 0.039814815
