1 0.10885417 0.64074075 0.028125 0.06481481
1 0.1703125 0.64166665 0.022916667 0.06851852
3 0.44635418 0.5324074 0.07395833 0.025925925
2 0.5385417 0.6212963 0.009375 0.016666668
2 0.5523437 0.62453705 0.008854167 0.013888889
2 0.54322916 0.62777776 0.014583333 0.02037037
2 0.52916664 0.62314814 0.0125 0.02037037
3 0.5122396 0.6157407 0.011979166 0.027777778
2 0.5111979 0.6226852 0.0109375 0.015740741
0 0.5861979 0.6337963 0.0109375 0.050925925
4 0.44348958 0.60925925 0.0390625 0.072222225
2 0.66536456 0.63055557 0.055729166 0.04074074
2 0.7296875 0.62824076 0.053125 0.041666668
0 0.76197916 0.6263889 0.009375 0.043518517
0 0.7916667 0.6472222 0.016666668 0.07962963
3 0.9106771 0.59583336 0.17864583 0.19166666
