0 0.041145835 0.6342593 0.013541667 0.06851852
0 0.061197918 0.6310185 0.016145833 0.0712963
0 0.08567708 0.63472223 0.016145833 0.0712963
2 0.31927082 0.6425926 0.078125 0.05925926
2 0.36015624 0.6375 0.025520833 0.030555556
4 0.38854167 0.6236111 0.021875 0.023148147
4 0.42005208 0.61851853 0.0421875 0.09259259
1 0.4518229 0.6388889 0.009895833 0.031481482
1 0.46770832 0.6412037 0.009375 0.03425926
0 0.48854166 0.65416664 0.013541667 0.06388889
2 0.5104167 0.6458333 0.030208332 0.050925925
2 0.52994794 0.65092593 0.0515625 0.072222225
2 0.5570313 0.66851854 0.053645834 0.087037034
2 0.59166664 0.6782407 0.08645833 0.10462963
2 0.8471354 0.76666665 0.3046875 0.31851852
