4 0.027864583 0.61944443 0.0546875 0.1
4 0.11875 0.62777776 0.12604167 0.10555556
0 0.090885416 0.7324074 0.12447917 0.4462963
2 0.48151043 0.6365741 0.009895833 0.013888889
2 0.48854166 0.63842595 0.017708333 0.013888889
4 0.48828125 0.6324074 0.013020833 0.022222223
2 0.5101563 0.6398148 0.011979166 0.018518519
3 0.5289062 0.63148147 0.013020833 0.027777778
2 0.528125 0.62777776 0.010416667 0.014814815
3 0.56328124 0.6259259 0.0390625 0.094444446
0 0.60078126 0.662963 0.0265625 0.14444445
0 0.653125 0.6657407 0.03125 0.12777779
2 0.7065104 0.67407405 0.096354164 0.1388889
2 0.8229167 0.70416665 0.203125 0.23796296
0 0.85364586 0.7314815 0.06458333 0.3351852
0 0.88958335 0.6800926 0.020833334 0.125
3 0.9169271 0.6134259 0.16510417 0.19166666
