2 0.19036458 0.6351852 0.030729167 0.035185184
1 0.21875 0.6365741 0.014583333 0.03425926
2 0.2578125 0.6365741 0.029166667 0.028703704
3 0.36484376 0.6175926 0.027604166 0.055555556
2 0.46979168 0.6300926 0.036458332 0.05648148
2 0.49895832 0.62314814 0.009375 0.014814815
2 0.41796875 0.62175924 0.019270834 0.012037037
2 0.40546876 0.62222224 0.0171875 0.011111111
0 0.16536458 0.6300926 0.008854167 0.041666668
2 0.13177083 0.6388889 0.038541667 0.031481482
0 0.8403646 0.65185183 0.019270834 0.06481481
