2 0.024739584 0.95 0.049479168 0.098148145
2 0.378125 0.8828704 0.35833332 0.23425926
2 0.021875 0.662037 0.04375 0.05740741
2 0.15026042 0.662037 0.12447917 0.06481481
2 0.23489584 0.63611114 0.020833334 0.031481482
2 0.2736979 0.6425926 0.050520834 0.035185184
2 0.32239583 0.63796294 0.06666667 0.046296295
2 0.3752604 0.6324074 0.08802083 0.06481481
2 0.4143229 0.6472222 0.1171875 0.06666667
2 0.57239586 0.61851853 0.07604167 0.048148148
3 0.64921874 0.587963 0.1015625 0.096296296
2 0.66614586 0.61388886 0.08020833 0.05
2 0.7953125 0.6018519 0.055208333 0.04074074
2 0.83984375 0.59537035 0.07864583 0.055555556
2 0.88932294 0.60462964 0.0984375 0.05740741
2 0.97239584 0.60601854 0.054166667 0.08055556
2 0.94739586 0.59814817 0.058333334 0.06111111
