2 0.04453125 0.69398147 0.0890625 0.25833333
2 0.1390625 0.6875 0.21979167 0.15092592
2 0.30390626 0.67314816 0.08802083 0.098148145
2 0.34635416 0.67083335 0.054166667 0.07685185
2 0.38645834 0.65925926 0.036458332 0.06666667
2 0.40442708 0.66064817 0.028645834 0.037962962
2 0.4171875 0.66018516 0.019791666 0.035185184
0 0.48671874 0.66064817 0.009895833 0.049074072
1 0.5109375 0.6675926 0.016666668 0.083333336
2 0.42369792 0.6587963 0.0171875 0.028703704
2 0.5190104 0.65925926 0.0609375 0.046296295
0 0.17291667 0.69722223 0.051041666 0.13518518
