1 0.054166667 0.6490741 0.033333335 0.08148148
2 0.1765625 0.6300926 0.046875 0.04537037
1 0.2575521 0.6300926 0.011979166 0.04537037
3 0.22630209 0.6148148 0.055729166 0.062962964
3 0.31145832 0.59074074 0.072916664 0.11851852
2 0.36640626 0.6212963 0.025520833 0.031481482
0 0.41223958 0.61435187 0.009895833 0.032407407
4 0.42760417 0.59768516 0.023958333 0.039814815
2 0.49609375 0.6009259 0.009895833 0.014814815
3 0.4606771 0.59768516 0.0109375 0.025
2 0.5109375 0.600463 0.008333334 0.013888889
2 0.5252604 0.59768516 0.008854167 0.017592592
3 0.64140624 0.6032407 0.0390625 0.05277778
0 0.78020835 0.63842595 0.019791666 0.06759259
2 0.47291666 0.59675926 0.0072916667 0.015740741
2 0.44921875 0.60462964 0.009895833 0.0129629625
2 0.44140625 0.6032407 0.008854167 0.013888889
