2 0.0921875 0.625 0.15520833 0.07777778
1 0.18619792 0.63611114 0.038020834 0.10555556
1 0.27161458 0.63703704 0.034895834 0.087037034
2 0.42760417 0.70555556 0.2 0.28703704
1 0.54322916 0.6300926 0.010416667 0.039814815
1 0.5544271 0.62777776 0.0078125 0.031481482
1 0.5981771 0.6412037 0.011979166 0.062037036
3 0.68098956 0.64398146 0.0640625 0.047222223
2 0.6265625 0.625 0.022916667 0.027777778
2 0.6877604 0.63148147 0.033854168 0.042592593
2 0.76953125 0.6472222 0.13385417 0.087037034
2 0.8151042 0.64537036 0.08645833 0.05925926
2 0.9065104 0.6722222 0.122395836 0.098148145
2 0.9419271 0.6865741 0.1140625 0.11574074
