2 0.3278646 0.6564815 0.024479168 0.02962963
2 0.35234374 0.65925926 0.0390625 0.044444446
2 0.4059896 0.662963 0.06822917 0.107407406
2 0.43932292 0.662037 0.0328125 0.05925926
2 0.47239584 0.6597222 0.019791666 0.028703704
2 0.484375 0.65 0.010416667 0.016666668
2 0.5044271 0.65694445 0.018229166 0.025
2 0.5338542 0.66157407 0.022916667 0.030555556
1 0.8921875 0.6865741 0.011458334 0.039814815
0 0.14036459 0.650463 0.008854167 0.04537037
0 0.14817709 0.6513889 0.0067708334 0.04537037
3 0.66276044 0.65416664 0.047395833 0.08611111
