2 0.95520836 0.8310185 0.08958333 0.2898148
0 0.9763021 0.62222224 0.0234375 0.13148148
2 0.85364586 0.6921296 0.27916667 0.325
2 0.66197914 0.6689815 0.13645834 0.15092592
2 0.584375 0.64444447 0.077083334 0.1037037
2 0.5372396 0.6351852 0.040104166 0.05925926
2 0.521875 0.62916666 0.023958333 0.039814815
2 0.5130208 0.6296296 0.020833334 0.033333335
1 0.49114582 0.6263889 0.010416667 0.043518517
2 0.47864583 0.6236111 0.017708333 0.026851851
2 0.46979168 0.6189815 0.008333334 0.013888889
3 0.45 0.6134259 0.009375 0.021296296
2 0.4515625 0.6203704 0.011458334 0.016666668
2 0.44348958 0.6199074 0.011979166 0.019444445
2 0.4049479 0.625 0.024479168 0.033333335
2 0.42708334 0.6259259 0.029166667 0.04074074
2 0.39114583 0.6212963 0.015625 0.024074074
2 0.378125 0.62453705 0.019791666 0.032407407
1 0.37213543 0.6236111 0.011979166 0.047222223
2 0.3513021 0.6259259 0.030729167 0.042592593
2 0.3356771 0.62824076 0.031770833 0.04537037
2 0.31171876 0.6296296 0.036979165 0.05740741
2 0.284375 0.6337963 0.055208333 0.06944445
2 0.23333333 0.63148147 0.071875 0.094444446
2 0.18828125 0.6462963 0.09010417 0.10185185
0 0.1875 0.64305556 0.022916667 0.12314815
0 0.17916666 0.6587963 0.013541667 0.09351852
2 0.090885416 0.64305556 0.1421875 0.14907408
