2 0.07838542 0.7736111 0.15677084 0.19166666
3 0.0734375 0.5861111 0.146875 0.36666667
2 0.13567708 0.675 0.0546875 0.06481481
2 0.1640625 0.6634259 0.036458332 0.05462963
2 0.22786458 0.662037 0.040104166 0.05925926
4 0.25104168 0.62222224 0.05 0.09074074
2 0.27760416 0.6203704 0.009375 0.016666668
2 0.315625 0.6203704 0.009375 0.014814815
2 0.32708332 0.6273148 0.019791666 0.030555556
2 0.353125 0.62453705 0.017708333 0.028703704
2 0.41145834 0.6212963 0.021875 0.037037037
1 0.5101563 0.6240741 0.011979166 0.033333335
