2 0.94739586 0.6388889 0.104166664 0.11666667
2 0.8940104 0.61851853 0.0671875 0.05740741
1 0.6893229 0.6342593 0.0171875 0.06481481
2 0.6901042 0.62453705 0.067708336 0.04537037
2 0.675 0.6236111 0.07083333 0.047222223
2 0.6375 0.6171296 0.047916666 0.03425926
2 0.5625 0.6375 0.06979167 0.08425926
4 0.51354164 0.6013889 0.040625 0.08425926
2 0.47864583 0.62453705 0.039583333 0.049074072
2 0.44921875 0.6199074 0.027604166 0.039814815
0 0.40338543 0.650463 0.016145833 0.097222224
2 0.32109374 0.6449074 0.084895834 0.108333334
2 0.20651041 0.6462963 0.106770836 0.11296296
4 0.06276042 0.57453704 0.12552084 0.2712963
