1 0.013541667 0.6925926 0.013541667 0.037037037
1 0.042708334 0.6935185 0.013541667 0.037037037
2 0.020052083 0.6962963 0.040104166 0.031481482
2 0.18697916 0.70555556 0.023958333 0.033333335
4 0.20052083 0.69305557 0.026041666 0.058333334
2 0.22213541 0.65185183 0.0203125 0.024074074
2 0.23385416 0.65416664 0.016666668 0.025
3 0.23125 0.68101853 0.048958335 0.08611111
2 0.26145834 0.7087963 0.023958333 0.03425926
2 0.27239582 0.7115741 0.015625 0.026851851
2 0.28307292 0.712037 0.0140625 0.024074074
3 0.2859375 0.6912037 0.03125 0.047222223
2 0.3044271 0.7138889 0.0203125 0.02962963
2 0.3268229 0.7152778 0.0140625 0.023148147
2 0.34192708 0.712963 0.0171875 0.027777778
2 0.35442707 0.7185185 0.033854168 0.031481482
3 0.34296876 0.70185184 0.019270834 0.037037037
3 0.31666666 0.7027778 0.011458334 0.025925925
1 0.4049479 0.7212963 0.009895833 0.04074074
3 0.82421875 0.75185186 0.25885418 0.34444445
