3 0.8539063 0.70694447 0.29010418 0.5861111
3 0.8130208 0.6013889 0.26458332 0.24166666
3 0.575 0.57685184 0.121875 0.25555557
2 0.3596354 0.64166665 0.056770835 0.10555556
2 0.3828125 0.63564813 0.029166667 0.049074072
2 0.40520832 0.6199074 0.016666668 0.036111113
2 0.43932292 0.6328704 0.024479168 0.03425926
2 0.48854166 0.63796294 0.027083334 0.035185184
3 0.49479166 0.60925925 0.013541667 0.024074074
2 0.47135416 0.6157407 0.014583333 0.022222223
3 0.46666667 0.6013889 0.015625 0.037962962
3 0.453125 0.600463 0.0072916667 0.017592592
2 0.43828124 0.61157405 0.015104166 0.032407407
