3 0.05703125 0.60231483 0.1140625 0.48796296
2 0.12291667 0.70555556 0.109375 0.11296296
2 0.18932292 0.6796296 0.06614583 0.07962963
2 0.23645833 0.7 0.098958336 0.11481482
4 0.29921874 0.6259259 0.09010417 0.15185185
2 0.35833332 0.6236111 0.015625 0.021296296
2 0.37005207 0.6162037 0.0109375 0.019444445
2 0.41692707 0.61851853 0.015104166 0.025925925
2 0.43333334 0.6134259 0.0125 0.019444445
2 0.4455729 0.6180556 0.015104166 0.023148147
2 0.5229167 0.6199074 0.026041666 0.041666668
1 0.60520834 0.625 0.010416667 0.037037037
