1 0.018489582 0.69814813 0.036979165 0.22962964
0 0.23385416 0.6652778 0.027083334 0.119444445
0 0.25598958 0.6662037 0.027604166 0.117592596
2 0.265625 0.6625 0.140625 0.09351852
2 0.4153646 0.6587963 0.043229166 0.05648148
0 0.43645832 0.6527778 0.011458334 0.06851852
2 0.378125 0.650463 0.051041666 0.043518517
2 0.5252604 0.6722222 0.050520834 0.07037037
1 0.7143229 0.6953704 0.0546875 0.1574074
1 0.75572914 0.6703704 0.021875 0.07777778
0 0.8356771 0.6657407 0.0171875 0.06851852
0 0.9403646 0.6875 0.0234375 0.10092592
