4 0.09401042 0.4652778 0.18802084 0.9305556
0 0.93359375 0.8 0.011979166 0.16481481
0 0.9234375 0.6712963 0.039583333 0.16296296
2 0.8325521 0.66018516 0.12447917 0.094444446
2 0.7817708 0.64768517 0.11354167 0.08981481
2 0.75416666 0.64444447 0.08229167 0.074074075
2 0.70625 0.63842595 0.07083333 0.06388889
2 0.6799479 0.6342593 0.075520836 0.072222225
2 0.63151044 0.6351852 0.0546875 0.046296295
2 0.2375 0.6125 0.07395833 0.049074072
2 0.26666668 0.61851853 0.053125 0.04074074
2 0.303125 0.61527777 0.035416666 0.03425926
1 0.32578126 0.6203704 0.009895833 0.04074074
2 0.41875 0.6287037 0.020833334 0.022222223
1 0.41223958 0.6287037 0.0109375 0.037037037
2 0.4765625 0.6337963 0.015625 0.025
1 0.5072917 0.6351852 0.008333334 0.02962963
2 0.4596354 0.62824076 0.009895833 0.017592592
2 0.45390624 0.62916666 0.011979166 0.021296296
