2 0.10130208 0.68472224 0.061979167 0.060185187
2 0.21666667 0.7222222 0.17395833 0.19814815
2 0.42864582 0.73935187 0.19375 0.33055556
1 0.5450521 0.70416665 0.022395832 0.06759259
1 0.59166664 0.7083333 0.01875 0.074074075
2 0.69895834 0.6949074 0.07604167 0.049074072
2 0.7348958 0.69814813 0.08958333 0.055555556
0 0.73020834 0.7027778 0.014583333 0.087037034
2 0.7875 0.6837963 0.0625 0.06574074
0 0.79765624 0.69027776 0.011979166 0.058333334
1 0.82682294 0.7175926 0.047395833 0.1537037
1 0.94114584 0.7893519 0.115625 0.4212963
2 0.95729166 0.68101853 0.0625 0.060185187
