1 0.05625 0.7111111 0.051041666 0.12777779
1 0.19869791 0.70416665 0.0359375 0.11574074
5 0.35260418 0.65324074 0.022916667 0.05277778
2 0.44635418 0.6865741 0.06666667 0.108333334
4 0.47369793 0.65092593 0.016145833 0.035185184
1 0.5375 0.64537036 0.0072916667 0.02962963
0 0.57682294 0.6462963 0.0067708334 0.035185184
2 0.6117188 0.66805553 0.046354167 0.06759259
2 0.63854164 0.67638886 0.061458334 0.08055556
0 0.7984375 0.6703704 0.030208332 0.12407407
0 0.9825521 0.7013889 0.033854168 0.19722222
0 0.5549479 0.6398148 0.0046875 0.024074074
