2 0.40338543 0.6402778 0.06302083 0.097222224
2 0.44453126 0.6236111 0.021354167 0.026851851
2 0.4763021 0.62083334 0.0171875 0.023148147
2 0.48880208 0.6157407 0.0234375 0.018518519
2 0.51875 0.62546295 0.030208332 0.050925925
1 0.5294271 0.6486111 0.024479168 0.09166667
1 0.55598956 0.63148147 0.015104166 0.055555556
2 0.62083334 0.65185183 0.078125 0.11111111
3 0.609375 0.6037037 0.045833334 0.09074074
0 0.8783854 0.68796295 0.07447917 0.38703704
2 0.76770836 0.6050926 0.06666667 0.050925925
3 0.5132812 0.6074074 0.0203125 0.05185185
0 0.9867188 0.6958333 0.0265625 0.38425925
