1 0.009895833 0.65324074 0.019791666 0.062037036
2 0.0875 0.6587963 0.09166667 0.08055556
2 0.14713542 0.662037 0.12552084 0.12037037
2 0.25416666 0.6412037 0.08958333 0.106481485
2 0.28046876 0.65787035 0.111979164 0.117592596
2 0.38880208 0.65416664 0.11927083 0.15833333
2 0.459375 0.6337963 0.051041666 0.097222224
2 0.5309896 0.65185183 0.0734375 0.12222222
0 0.86796874 0.65231484 0.0234375 0.11018518
1 0.675 0.6481481 0.026041666 0.083333336
0 0.70234376 0.6388889 0.0140625 0.07777778
1 0.73020834 0.65324074 0.026041666 0.07685185
1 0.74635416 0.6467593 0.016666668 0.062037036
