3 0.37786457 0.7027778 0.0546875 0.08888889
2 0.4830729 0.70648146 0.008854167 0.016666668
2 0.50703126 0.72268516 0.0328125 0.043518517
4 0.5252604 0.70648146 0.008854167 0.02037037
2 0.5317708 0.71435183 0.016666668 0.023148147
2 0.6325521 0.7111111 0.0265625 0.024074074
2 0.64635414 0.7111111 0.023958333 0.024074074
2 0.6716146 0.7097222 0.030729167 0.025
2 0.6971354 0.70787036 0.0296875 0.025
1 0.6929687 0.724537 0.013020833 0.047222223
2 0.6638021 0.7106481 0.028645834 0.025
2 0.7359375 0.7050926 0.015625 0.025
