2 0.8442708 0.65787035 0.05 0.060185187
2 0.7734375 0.65555555 0.055208333 0.048148148
2 0.75651044 0.6587963 0.050520834 0.05462963
2 0.67317706 0.6634259 0.055729166 0.05462963
2 0.6674479 0.6490741 0.049479168 0.05185185
2 0.63671875 0.6662037 0.050520834 0.049074072
0 0.5515625 0.66805553 0.014583333 0.06388889
1 0.46458334 0.6662037 0.010416667 0.026851851
2 0.4466146 0.6662037 0.034895834 0.023148147
2 0.26458332 0.6837963 0.046875 0.06574074
3 0.3190104 0.6652778 0.0067708334 0.015740741
2 0.07473958 0.68564814 0.0515625 0.05648148
2 0.03984375 0.6773148 0.0796875 0.117592596
