1 0.7716146 0.7189815 0.0609375 0.19537038
2 0.8596354 0.6462963 0.122395836 0.07962963
1 0.6466146 0.69074076 0.047395833 0.16481481
5 0.5096354 0.6324074 0.024479168 0.055555556
2 0.425 0.62916666 0.039583333 0.060185187
3 0.4127604 0.60231483 0.0171875 0.04537037
2 0.37708333 0.63842595 0.06666667 0.08425926
2 0.340625 0.62685186 0.054166667 0.072222225
4 0.23255208 0.60231483 0.08385417 0.117592596
2 0.171875 0.6925926 0.24791667 0.26296297
2 0.1 0.64444447 0.13125 0.1388889
2 0.44114584 0.62824076 0.022916667 0.039814815
