3 0.08619792 0.6462963 0.17239584 0.31851852
2 0.24869792 0.6925926 0.069270834 0.07037037
2 0.30078125 0.66944444 0.009895833 0.014814815
2 0.31822917 0.68333334 0.038541667 0.048148148
2 0.3484375 0.675 0.026041666 0.027777778
1 0.3981771 0.67314816 0.005729167 0.027777778
2 0.39765626 0.6722222 0.0140625 0.018518519
0 0.38671875 0.675 0.008854167 0.02962963
1 0.48072916 0.67546296 0.00625 0.026851851
1 0.48958334 0.6800926 0.009375 0.037962962
0 0.67760414 0.67453706 0.013541667 0.06944445
4 0.45416668 0.66018516 0.009375 0.016666668
0 0.55598956 0.67638886 0.0067708334 0.041666668
