2 0.84166664 0.7 0.26770833 0.2537037
3 0.035416666 0.5935185 0.07083333 0.11296296
2 0.175 0.60833335 0.046875 0.048148148
4 0.4846354 0.60462964 0.031770833 0.05
4 0.45104167 0.60231483 0.034375 0.047222223
4 0.41875 0.599537 0.03125 0.043518517
2 0.5151042 0.6175926 0.016666668 0.022222223
2 0.5486979 0.6226852 0.033854168 0.037962962
2 0.74296874 0.6162037 0.0390625 0.043518517
2 0.7127604 0.6175926 0.043229166 0.04074074
2 0.64713544 0.6273148 0.08177083 0.13796297
0 0.48255208 0.62175924 0.011979166 0.047222223
2 0.118229166 0.60833335 0.090625 0.046296295
1 0.9955729 0.6199074 0.008854167 0.041666668
