3 0.061979167 0.58935183 0.123958334 0.21018519
2 0.26770833 0.60694444 0.046875 0.043518517
2 0.30182293 0.6050926 0.040104166 0.037962962
2 0.3453125 0.6328704 0.071875 0.119444445
2 0.49895832 0.6041667 0.01875 0.03425926
2 0.51484376 0.6175926 0.031770833 0.05185185
1 0.5598958 0.6319444 0.026041666 0.05277778
0 0.5942708 0.6351852 0.0125 0.075925924
2 0.42109376 0.76064813 0.18177083 0.34537038
2 0.91614586 0.66018516 0.09791667 0.05740741
2 0.7888021 0.7912037 0.30572918 0.3675926
1 0.58385414 0.61157405 0.00625 0.026851851
