2 0.24765626 0.70046294 0.1203125 0.13981481
2 0.334375 0.65092593 0.060416665 0.087037034
3 0.36119792 0.6263889 0.050520834 0.08240741
3 0.3875 0.6203704 0.027083334 0.06111111
2 0.44166666 0.70416665 0.103125 0.16388889
2 0.5208333 0.65 0.038541667 0.053703703
2 0.50416666 0.64166665 0.03125 0.044444446
2 0.5679687 0.649537 0.038020834 0.05277778
3 0.57421875 0.6171296 0.0484375 0.047222223
2 0.5307292 0.63564813 0.026041666 0.043518517
2 0.828125 0.7560185 0.19479166 0.18055555
2 0.62630206 0.6337963 0.030729167 0.023148147
