2 0.030208332 0.724537 0.060416665 0.18425927
3 0.0328125 0.5509259 0.065625 0.27962962
2 0.15078124 0.6324074 0.0703125 0.075925924
2 0.19088541 0.6643519 0.1078125 0.117592596
2 0.25677082 0.60925925 0.0375 0.046296295
3 0.30390626 0.57222223 0.07239583 0.15
3 0.35364583 0.5763889 0.03125 0.073148146
3 0.45989582 0.6212963 0.209375 0.47777778
2 0.5804688 0.6560185 0.0671875 0.09351852
1 0.6309896 0.61944443 0.011979166 0.044444446
1 0.7559896 0.62546295 0.022395832 0.041666668
1 0.7622396 0.6273148 0.027604166 0.041666668
4 0.88645834 0.6037037 0.15729167 0.098148145
3 0.93125 0.59907407 0.13645834 0.11851852
