0 0.08776042 0.6662037 0.008854167 0.049074072
4 0.19140625 0.65555555 0.10885417 0.1574074
3 0.23385416 0.65185183 0.12916666 0.19259259
2 0.26848957 0.72083336 0.13489583 0.15462963
3 0.39505208 0.67546296 0.0234375 0.047222223
2 0.378125 0.68796295 0.017708333 0.022222223
2 0.36640626 0.6805556 0.019270834 0.035185184
2 0.47135416 0.72083336 0.096875 0.14722222
3 0.5174479 0.6643519 0.12135417 0.07685185
2 0.57395834 0.6921296 0.05625 0.09166667
2 0.67395836 0.71944445 0.14895834 0.19444445
1 0.99140626 0.68101853 0.0171875 0.11574074
