2 0.18697916 0.6925926 0.098958336 0.10555556
2 0.24895833 0.6805556 0.065625 0.09259259
2 0.30078125 0.6824074 0.059895832 0.06851852
0 0.32916668 0.68101853 0.014583333 0.0712963
1 0.41979167 0.67777777 0.015625 0.05185185
2 0.47838542 0.6824074 0.061979167 0.1037037
2 0.4596354 0.6805556 0.036979165 0.05925926
1 0.52552086 0.68194443 0.015625 0.075
2 0.5804688 0.69305557 0.053645834 0.06388889
2 0.5658854 0.6898148 0.038020834 0.05185185
2 0.8768229 0.7736111 0.24322917 0.24351852
2 0.7242187 0.7347222 0.1296875 0.14722222
2 0.6578125 0.71666664 0.083333336 0.10555556
2 0.5502604 0.6796296 0.025520833 0.037037037
