2 0.03671875 0.6009259 0.0734375 0.107407406
2 0.07838542 0.59166664 0.12864584 0.10185185
2 0.15390626 0.60462964 0.09427083 0.05925926
2 0.25 0.59814817 0.075 0.062962964
1 0.33359376 0.61944443 0.0140625 0.055555556
1 0.3671875 0.6180556 0.017708333 0.050925925
2 0.403125 0.6171296 0.03125 0.041666668
3 0.47057292 0.5777778 0.055729166 0.12407407
2 0.44635418 0.61203706 0.03125 0.046296295
2 0.4684896 0.62453705 0.052604165 0.08240741
2 0.5375 0.62546295 0.036458332 0.04537037
2 0.59739584 0.6402778 0.077083334 0.106481485
