4 0.7807292 0.67407405 0.43645832 0.6333333
4 0.47291666 0.75277776 0.013541667 0.024074074
4 0.45989582 0.7328704 0.011458334 0.023148147
2 0.45 0.75277776 0.014583333 0.025925925
4 0.4453125 0.7592593 0.017708333 0.02962963
4 0.43854168 0.7277778 0.009375 0.018518519
2 0.41510418 0.74953705 0.013541667 0.023148147
4 0.40052083 0.7347222 0.015625 0.030555556
2 0.40546876 0.7537037 0.0171875 0.031481482
2 0.39739582 0.7574074 0.021875 0.033333335
4 0.38385418 0.73194444 0.027083334 0.047222223
2 0.3828125 0.7583333 0.027083334 0.046296295
2 0.3703125 0.7625 0.035416666 0.050925925
2 0.34869793 0.7662037 0.041145835 0.05648148
2 0.31432292 0.7763889 0.065104164 0.09907407
2 0.25104168 0.787963 0.10520833 0.12777779
2 0.209375 0.76111114 0.06979167 0.085185185
2 0.095052086 0.8134259 0.19010417 0.23796296
