0 0.118229166 0.6388889 0.010416667 0.046296295
0 0.14505209 0.6375 0.0140625 0.060185187
0 0.16197917 0.6425926 0.016666668 0.053703703
1 0.22760417 0.6467593 0.016666668 0.049074072
2 0.27526042 0.64166665 0.06302083 0.083333336
3 0.31640625 0.6041667 0.0796875 0.11388889
2 0.34479168 0.64768517 0.046875 0.05462963
2 0.37994793 0.6333333 0.038020834 0.06666667
2 0.4075521 0.64305556 0.0234375 0.03425926
2 0.4388021 0.65925926 0.056770835 0.075925924
2 0.5546875 0.70694447 0.171875 0.26944444
1 0.634375 0.662963 0.017708333 0.083333336
2 0.67604166 0.6398148 0.042708334 0.048148148
2 0.7028646 0.649537 0.0390625 0.049074072
2 0.7440104 0.6513889 0.038020834 0.050925925
0 0.8515625 0.64305556 0.008333334 0.05277778
0 0.8619792 0.64074075 0.008333334 0.044444446
2 0.8755208 0.66064817 0.036458332 0.050925925
2 0.9291667 0.6625 0.042708334 0.05277778
2 0.9763021 0.6574074 0.034895834 0.053703703
2 0.97786456 0.67175925 0.044270832 0.05648148
