2 0.56666666 0.7671296 0.10520833 0.13055556
2 0.51953125 0.73888886 0.059895832 0.094444446
2 0.48776042 0.73055553 0.027604166 0.05740741
3 0.47109374 0.72314817 0.021354167 0.044444446
2 0.459375 0.72731483 0.011458334 0.021296296
2 0.43541667 0.72407407 0.017708333 0.033333335
2 0.4205729 0.72731483 0.024479168 0.032407407
2 0.40052083 0.7236111 0.019791666 0.028703704
2 0.37708333 0.72175926 0.029166667 0.043518517
1 0.3424479 0.724537 0.0078125 0.026851851
1 0.2734375 0.7259259 0.011458334 0.042592593
