0 0.3296875 0.61203706 0.009375 0.05185185
2 0.4294271 0.61527777 0.024479168 0.03425926
2 0.45703125 0.61527777 0.031770833 0.049074072
2 0.52135414 0.6148148 0.034375 0.05740741
2 0.5492188 0.60601854 0.030729167 0.023148147
1 0.57109374 0.61203706 0.018229166 0.05185185
1 0.58229166 0.6189815 0.014583333 0.058333334
1 0.5963542 0.62777776 0.019791666 0.085185185
3 0.6859375 0.5856481 0.10208333 0.17314816
2 0.8677083 0.6805556 0.25104168 0.28333333
2 0.9611979 0.59537035 0.075520836 0.10555556
3 0.5231771 0.58842593 0.0265625 0.05277778
0 0.35833332 0.6125 0.0072916667 0.039814815
