0 0.12682292 0.6398148 0.015104166 0.062962964
1 0.26484376 0.6337963 0.0140625 0.039814815
2 0.45833334 0.6212963 0.017708333 0.024074074
4 0.48255208 0.6166667 0.015104166 0.025925925
2 0.584375 0.6324074 0.027083334 0.037037037
4 0.56041664 0.6125 0.025 0.047222223
2 0.53203124 0.6319444 0.027604166 0.03425926
2 0.6333333 0.6481481 0.063541666 0.087037034
1 0.97526044 0.6328704 0.0421875 0.09907407
0 0.9164063 0.6435185 0.030729167 0.13703704
1 0.75885415 0.625 0.015625 0.05185185
2 0.49895832 0.6236111 0.019791666 0.019444445
2 0.5140625 0.6199074 0.008333334 0.012037037
