2 0.12734374 0.73796296 0.25364584 0.2537037
2 0.29505208 0.6944444 0.049479168 0.055555556
2 0.35416666 0.70185184 0.07395833 0.087037034
4 0.34375 0.662963 0.028125 0.04074074
4 0.3674479 0.6662037 0.021354167 0.036111113
4 0.39557293 0.662037 0.0140625 0.027777778
4 0.40416667 0.6634259 0.021875 0.026851851
2 0.41588542 0.68101853 0.022395832 0.030555556
2 0.39739582 0.6925926 0.032291666 0.05
2 0.47447917 0.74583334 0.13645834 0.19907407
1 0.59166664 0.6921296 0.008333334 0.03425926
1 0.5453125 0.68194443 0.0052083335 0.023148147
0 0.55390626 0.6837963 0.0046875 0.019444445
