3 0.048958335 0.6597222 0.09791667 0.28425926
2 0.14140625 0.69027776 0.1234375 0.119444445
2 0.21796875 0.6666667 0.08385417 0.085185185
3 0.1296875 0.5787037 0.15625 0.22222222
3 0.22213541 0.5777778 0.122395836 0.16851851
3 0.27447918 0.60555553 0.114583336 0.15
2 0.32578126 0.6259259 0.0296875 0.05
1 0.37317708 0.6009259 0.0171875 0.027777778
2 0.41302082 0.6032407 0.042708334 0.026851851
2 0.4578125 0.6032407 0.045833334 0.025
2 0.47473958 0.6009259 0.034895834 0.024074074
1 0.48932293 0.6189815 0.011979166 0.041666668
2 0.5578125 0.5986111 0.044791665 0.032407407
