2 0.45911458 0.63935184 0.0546875 0.0787037
1 0.49401042 0.6236111 0.005729167 0.023148147
1 0.5229167 0.6310185 0.010416667 0.041666668
2 0.5997396 0.6273148 0.024479168 0.026851851
0 0.58177084 0.6263889 0.00625 0.03425926
0 0.57421875 0.62453705 0.0067708334 0.026851851
1 0.6304687 0.6472222 0.0265625 0.06666667
2 0.6518229 0.62546295 0.036979165 0.047222223
0 0.66614586 0.6425926 0.013541667 0.07777778
1 0.68958336 0.67407405 0.032291666 0.16296296
2 0.7526042 0.6375 0.04375 0.05462963
0 0.7658854 0.6449074 0.022395832 0.117592596
0 0.93125 0.6634259 0.034375 0.16388889
2 0.9536458 0.64398146 0.090625 0.19351852
2 0.8984375 0.650463 0.090625 0.08240741
