1 0.9505208 0.7439815 0.078125 0.21018519
2 0.9315104 0.67175925 0.096354164 0.06759259
1 0.7994792 0.71018517 0.042708334 0.11851852
5 0.7546875 0.69027776 0.034375 0.09907407
2 0.6976563 0.6689815 0.0515625 0.030555556
2 0.5705729 0.6958333 0.0515625 0.07685185
2 0.540625 0.67453706 0.026041666 0.041666668
2 0.45416668 0.71712965 0.11875 0.16203703
3 0.40703124 0.65416664 0.0421875 0.075
2 0.3658854 0.6773148 0.0421875 0.049074072
2 0.31614584 0.6773148 0.060416665 0.06944445
2 0.21875 0.68935186 0.092708334 0.09351852
2 0.075260416 0.66712964 0.069270834 0.05277778
2 0.047395833 0.7060185 0.09375 0.1675926
