2 0.9710938 0.6462963 0.0578125 0.087037034
2 0.76692706 0.6462963 0.13802083 0.085185185
2 0.7007812 0.6240741 0.06302083 0.053703703
1 0.5395833 0.63611114 0.023958333 0.06666667
1 0.5026042 0.62546295 0.010416667 0.037962962
2 0.43541667 0.6300926 0.048958335 0.08055556
2 0.3625 0.6263889 0.046875 0.06759259
2 0.40520832 0.6189815 0.013541667 0.021296296
2 0.2625 0.65416664 0.119791664 0.13611111
2 0.029427083 0.64444447 0.058854166 0.1537037
2 0.09765625 0.6425926 0.1078125 0.085185185
1 0.18072917 0.62546295 0.013541667 0.039814815
2 0.63072914 0.6189815 0.051041666 0.047222223
2 0.6622396 0.62175924 0.049479168 0.037962962
