2 0.17057292 0.7574074 0.2796875 0.2537037
2 0.036197916 0.71712965 0.07239583 0.15833333
4 0.0984375 0.66157407 0.196875 0.26018518
2 0.27630207 0.70046294 0.052604165 0.06759259
2 0.31666666 0.6967593 0.0375 0.05462963
4 0.3361979 0.6736111 0.046354167 0.07685185
4 0.3747396 0.67777777 0.0296875 0.06111111
2 0.41119793 0.69305557 0.034895834 0.05277778
3 0.45494792 0.6837963 0.016145833 0.036111113
2 0.42890626 0.6912037 0.018229166 0.026851851
2 0.5208333 0.6574074 0.015625 0.027777778
0 0.55104166 0.6925926 0.009375 0.044444446
1 0.6388021 0.7324074 0.030729167 0.12592593
1 0.66197914 0.73194444 0.026041666 0.10092592
0 0.73046875 0.73888886 0.021354167 0.087037034
1 0.8518229 0.75648147 0.058854166 0.19259259
