2 0.3765625 0.662963 0.07083333 0.09074074
2 0.48984376 0.6388889 0.040104166 0.07777778
2 0.5200521 0.64444447 0.027604166 0.037037037
2 0.5580729 0.6467593 0.024479168 0.037962962
2 0.5445312 0.64166665 0.0171875 0.031481482
2 0.5778646 0.64768517 0.033854168 0.05462963
1 0.5890625 0.65925926 0.030208332 0.1037037
0 0.6567708 0.6675926 0.0125 0.074074075
0 0.67604166 0.6467593 0.01875 0.09907407
0 0.69375 0.6481481 0.015625 0.087037034
0 0.6875 0.65416664 0.010416667 0.06574074
0 0.78802085 0.6310185 0.015625 0.08240741
