1 0.103125 0.6597222 0.03125 0.062037036
0 0.119791664 0.65416664 0.020833334 0.0712963
2 0.13046876 0.63564813 0.0390625 0.025
2 0.16953126 0.6300926 0.0390625 0.030555556
0 0.18255208 0.6472222 0.011979166 0.07962963
3 0.2359375 0.6148148 0.0375 0.02962963
2 0.30625 0.64444447 0.046875 0.05185185
4 0.34140626 0.6125 0.07447917 0.09537037
0 0.35859376 0.63703704 0.019270834 0.07037037
2 0.38177082 0.6375 0.042708334 0.05277778
1 0.4138021 0.63842595 0.055729166 0.097222224
2 0.4283854 0.62222224 0.025520833 0.044444446
2 0.45390624 0.6171296 0.018229166 0.03425926
3 0.47760418 0.6074074 0.019791666 0.035185184
2 0.49557292 0.61435187 0.013020833 0.017592592
1 0.62291664 0.6337963 0.057291668 0.08425926
