1 0.08385417 0.69953704 0.026041666 0.073148146
2 0.21328124 0.75277776 0.26197916 0.2611111
2 0.35052082 0.6722222 0.04375 0.05925926
2 0.37578124 0.6782407 0.028645834 0.041666668
2 0.4046875 0.67638886 0.035416666 0.047222223
2 0.42604166 0.67083335 0.023958333 0.04537037
2 0.4388021 0.6722222 0.019270834 0.033333335
2 0.44895834 0.6722222 0.017708333 0.031481482
3 0.44921875 0.662037 0.022395832 0.05
4 0.4611979 0.6574074 0.019270834 0.044444446
2 0.5015625 0.72037035 0.110416666 0.16666667
0 0.8984375 0.6634259 0.0125 0.049074072
