2 0.09348958 0.77037036 0.18697916 0.45925927
3 0.17421874 0.6472222 0.0734375 0.08148148
2 0.26666668 0.6472222 0.063541666 0.074074075
2 0.33489582 0.6365741 0.036458332 0.05648148
2 0.38359374 0.63842595 0.044270832 0.06388889
2 0.40703124 0.6351852 0.028645834 0.04074074
2 0.46458334 0.65416664 0.090625 0.13981481
2 0.49505207 0.6402778 0.044270832 0.08055556
1 0.60026044 0.6328704 0.0078125 0.039814815
1 0.8197917 0.65185183 0.0375 0.098148145
2 0.35260418 0.63472223 0.019791666 0.028703704
