0 0.08984375 0.6148148 0.009895833 0.05
1 0.12682292 0.62824076 0.0171875 0.047222223
2 0.16484375 0.60231483 0.0359375 0.037962962
2 0.27630207 0.61203706 0.031770833 0.03888889
1 0.20546874 0.6134259 0.009895833 0.036111113
2 0.33489582 0.6018519 0.015625 0.024074074
3 0.34453124 0.5847222 0.009895833 0.021296296
4 0.38958332 0.5856481 0.015625 0.037962962
3 0.4171875 0.59305555 0.033333335 0.08055556
2 0.46302083 0.6157407 0.028125 0.033333335
1 0.61510414 0.649537 0.01875 0.062037036
1 0.70885414 0.68101853 0.03125 0.09351852
0 0.5054687 0.6074074 0.005729167 0.024074074
0 0.5 0.60694444 0.0052083335 0.028703704
