2 0.78984374 0.6796296 0.10572917 0.13148148
2 0.6744792 0.6736111 0.13958333 0.18425927
2 0.56041664 0.6402778 0.05 0.073148146
3 0.5684896 0.6111111 0.040104166 0.096296296
2 0.5046875 0.65694445 0.09791667 0.16944444
2 0.44635418 0.6259259 0.03125 0.044444446
2 0.38489583 0.6212963 0.058333334 0.062962964
2 0.41302082 0.6273148 0.025 0.025
2 0.34270832 0.62175924 0.045833334 0.03425926
2 0.296875 0.6212963 0.058333334 0.037037037
1 0.2893229 0.6300926 0.0234375 0.05648148
1 0.22838542 0.63472223 0.019270834 0.062037036
2 0.20052083 0.6171296 0.057291668 0.036111113
