0 0.8278646 0.6398148 0.0734375 0.3351852
2 0.7661458 0.61851853 0.075 0.075925924
0 0.6510417 0.63703704 0.030208332 0.11111111
3 0.48802084 0.60833335 0.021875 0.05740741
1 0.465625 0.61851853 0.0072916667 0.025925925
2 0.45598957 0.6157407 0.011979166 0.016666668
2 0.44166666 0.6180556 0.017708333 0.028703704
2 0.43359375 0.6199074 0.0171875 0.028703704
2 0.41927084 0.6212963 0.027083334 0.037037037
2 0.38385418 0.64074075 0.067708336 0.098148145
2 0.2815104 0.62222224 0.047395833 0.072222225
2 0.23203126 0.63472223 0.0796875 0.09351852
2 0.12578125 0.6851852 0.2484375 0.25185186
