2 0.19375 0.7111111 0.10729167 0.107407406
1 0.27526042 0.68425924 0.015104166 0.046296295
2 0.3190104 0.67777777 0.0484375 0.05925926
2 0.41197917 0.7175926 0.17708333 0.2888889
2 0.5072917 0.65185183 0.010416667 0.014814815
3 0.6408854 0.6324074 0.13177083 0.1574074
2 0.6765625 0.650463 0.09791667 0.13611111
0 0.72734374 0.66481483 0.0067708334 0.044444446
0 0.74869794 0.662037 0.0078125 0.05
0 0.7533854 0.6611111 0.0078125 0.05
0 0.7679688 0.6587963 0.016145833 0.05462963
3 0.81927085 0.63472223 0.08958333 0.11203704
0 0.8070313 0.6587963 0.0109375 0.058333334
1 0.62109375 0.67546296 0.028645834 0.0712963
3 0.5294271 0.6398148 0.018229166 0.05
