2 0.06640625 0.71574074 0.118229166 0.15
2 0.14973958 0.6958333 0.0921875 0.117592596
2 0.20703125 0.6875 0.07447917 0.10092592
2 0.2515625 0.68935186 0.055208333 0.075
2 0.27838543 0.68703705 0.043229166 0.06666667
2 0.30833334 0.6837963 0.039583333 0.05462963
2 0.375 0.6851852 0.039583333 0.042592593
2 0.42890626 0.6773148 0.021354167 0.032407407
2 0.45598957 0.68194443 0.0328125 0.041666668
2 0.484375 0.6805556 0.042708334 0.072222225
1 0.5328125 0.69398147 0.027083334 0.09907407
1 0.5734375 0.6967593 0.022916667 0.10092592
2 0.6153646 0.6944444 0.061979167 0.072222225
2 0.6997396 0.70185184 0.0828125 0.107407406
2 0.8796875 0.78194445 0.240625 0.24351852
