2 0.052083332 0.74351853 0.103125 0.22962964
0 0.098697916 0.6462963 0.024479168 0.10185185
0 0.08046875 0.662037 0.016145833 0.08888889
0 0.15963541 0.65416664 0.021354167 0.097222224
0 0.17734376 0.6587963 0.019270834 0.10277778
2 0.203125 0.6773148 0.09791667 0.10462963
2 0.26458332 0.7314815 0.15833333 0.18703704
2 0.26276043 0.6388889 0.07239583 0.07962963
1 0.36822918 0.61851853 0.014583333 0.037037037
2 0.41510418 0.6018519 0.015625 0.027777778
2 0.43489584 0.60925925 0.035416666 0.02962963
2 0.45598957 0.59583336 0.011979166 0.017592592
2 0.48541668 0.59212965 0.01875 0.019444445
2 0.71484375 0.6171296 0.0640625 0.04537037
2 0.81145835 0.6226852 0.11770833 0.12685186
2 0.9299479 0.65 0.13177083 0.13703704
3 0.95677084 0.6527778 0.08541667 0.20925926
