3 0.07421875 0.59305555 0.1171875 0.26018518
1 0.20104167 0.6467593 0.04375 0.08425926
1 0.34557292 0.6462963 0.056770835 0.09074074
1 0.4309896 0.6513889 0.052604165 0.08981481
1 0.42109376 0.65185183 0.058854166 0.1
2 0.45208332 0.63935184 0.026041666 0.047222223
2 0.49635416 0.650463 0.051041666 0.073148146
1 0.5104167 0.6513889 0.045833334 0.10277778
1 0.54609376 0.6550926 0.0640625 0.108333334
1 0.5804688 0.650463 0.040104166 0.08240741
1 0.64765626 0.65462965 0.018229166 0.05925926
0 0.6778646 0.6481481 0.008854167 0.042592593
2 0.7388021 0.6412037 0.0671875 0.047222223
0 0.74427086 0.65231484 0.009375 0.075
1 0.7690104 0.64768517 0.013020833 0.06574074
1 0.78515625 0.6560185 0.0546875 0.08611111
2 0.82708335 0.6574074 0.121875 0.09259259
2 0.92317706 0.6041667 0.15364583 0.2787037
0 0.9799479 0.71944445 0.040104166 0.42407408
