2 0.05234375 0.66712964 0.1046875 0.24537037
2 0.13463542 0.6490741 0.096354164 0.12407407
2 0.221875 0.66157407 0.12291667 0.12314815
2 0.28333333 0.6351852 0.055208333 0.074074075
2 0.36484376 0.6402778 0.0328125 0.04537037
2 0.40364584 0.6458333 0.08020833 0.11203704
2 0.44817707 0.6333333 0.050520834 0.08148148
2 0.50208336 0.6462963 0.05625 0.09259259
2 0.52760416 0.6263889 0.034375 0.0787037
1 0.6309896 0.63703704 0.0171875 0.03888889
1 0.5984375 0.6351852 0.0125 0.042592593
0 0.75625 0.6337963 0.0125 0.049074072
0 0.8622396 0.63148147 0.019270834 0.083333336
1 0.809375 0.6300926 0.014583333 0.05462963
3 0.87369794 0.61064816 0.1171875 0.09351852
1 0.9739583 0.66157407 0.036458332 0.119444445
0 0.61510414 0.6300926 0.008333334 0.041666668
0 0.67890626 0.6324074 0.008854167 0.055555556
1 0.64375 0.63564813 0.013541667 0.036111113
