3 0.634375 0.66481483 0.37604168 0.42407408
2 0.45390624 0.67685187 0.024479168 0.042592593
3 0.44348958 0.650463 0.021354167 0.05462963
2 0.42369792 0.6657407 0.008854167 0.016666668
2 0.4127604 0.6722222 0.016145833 0.027777778
2 0.40052083 0.6722222 0.020833334 0.037037037
2 0.38541666 0.6703704 0.034375 0.062962964
2 0.35364583 0.67546296 0.029166667 0.037962962
2 0.328125 0.6787037 0.029166667 0.05
2 0.31145832 0.6782407 0.040625 0.062037036
2 0.28984374 0.68472224 0.0484375 0.06574074
2 0.25885418 0.69027776 0.063541666 0.08425926
2 0.21380208 0.6990741 0.08802083 0.107407406
4 0.19375 0.64305556 0.12083333 0.1675926
2 0.1328125 0.7152778 0.16041666 0.15648147
2 0.040364582 0.70694447 0.080729164 0.11388889
