0 0.903125 0.6796296 0.015625 0.075925924
0 0.8747396 0.68101853 0.0171875 0.0712963
0 0.86015624 0.6824074 0.015104166 0.075925924
1 0.8388021 0.69953704 0.0546875 0.09351852
0 0.7325521 0.68472224 0.0078125 0.047222223
1 0.66197914 0.7013889 0.027083334 0.09537037
1 0.64921874 0.6921296 0.018229166 0.060185187
1 0.6018229 0.69074076 0.0140625 0.05
1 0.5630208 0.69027776 0.016666668 0.06388889
2 0.44817707 0.7199074 0.1203125 0.21203704
2 0.3919271 0.6962963 0.0453125 0.07037037
2 0.3203125 0.7037037 0.09375 0.12407407
2 0.22630209 0.68472224 0.0609375 0.050925925
2 0.17421874 0.6898148 0.08177083 0.094444446
2 0.11901042 0.6990741 0.1046875 0.10185185
4 0.30390626 0.6689815 0.06614583 0.08425926
