2 0.9604167 0.61388886 0.077083334 0.11296296
2 0.87916666 0.6226852 0.10104167 0.10092592
2 0.80546874 0.62777776 0.09322917 0.098148145
2 0.67057294 0.6259259 0.10989583 0.074074075
1 0.6486979 0.64305556 0.027604166 0.10462963
2 0.6333333 0.6300926 0.10208333 0.06388889
2 0.53046876 0.6273148 0.08177083 0.08981481
2 0.47734374 0.67314816 0.1484375 0.21851853
2 0.39140624 0.6351852 0.0640625 0.087037034
1 0.27890626 0.61388886 0.013020833 0.062962964
0 0.21380208 0.6148148 0.0109375 0.05925926
3 0.15416667 0.6 0.08958333 0.07037037
0 0.26380208 0.6041667 0.009895833 0.043518517
0 0.30260417 0.6166667 0.011458334 0.055555556
2 0.08984375 0.6134259 0.069270834 0.05277778
2 0.037239585 0.62546295 0.07447917 0.073148146
