2 0.13177083 0.77962965 0.26354167 0.44074073
3 0.140625 0.6064815 0.108333334 0.14074074
2 0.21354167 0.6527778 0.09583333 0.083333336
2 0.30182293 0.66712964 0.1578125 0.24166666
4 0.36979166 0.6240741 0.09166667 0.1425926
2 0.40833333 0.6712963 0.065625 0.096296296
2 0.45026043 0.662037 0.040104166 0.06111111
2 0.48125 0.65324074 0.027083334 0.043518517
2 0.49453124 0.6472222 0.009895833 0.016666668
2 0.50703126 0.6527778 0.018229166 0.027777778
2 0.6421875 0.6652778 0.04375 0.03425926
1 0.67057294 0.6791667 0.019270834 0.05648148
2 0.74635416 0.6587963 0.058333334 0.05462963
2 0.55859375 0.65787035 0.0390625 0.028703704
