2 0.0265625 0.71481484 0.053125 0.17222223
2 0.10572917 0.7050926 0.13854167 0.14537036
0 0.23151042 0.6699074 0.008854167 0.047222223
0 0.25260416 0.66712964 0.010416667 0.05277778
0 0.27838543 0.67175925 0.009895833 0.05462963
0 0.34869793 0.6675926 0.0078125 0.035185184
2 0.37604168 0.6828704 0.048958335 0.06388889
2 0.40130207 0.6662037 0.016145833 0.028703704
1 0.4231771 0.6689815 0.005729167 0.026851851
2 0.45494792 0.67453706 0.028645834 0.04537037
2 0.46875 0.6703704 0.017708333 0.02962963
0 0.80885416 0.6787037 0.030208332 0.14444445
0 0.1953125 0.6666667 0.010416667 0.06111111
