3 0.96458334 0.6041667 0.06979167 0.19351852
2 0.9320313 0.6296296 0.046354167 0.07037037
2 0.9122396 0.59537035 0.046354167 0.037037037
3 0.6877604 0.5611111 0.3515625 0.27592593
2 0.6309896 0.7013889 0.2609375 0.15833333
3 0.08385417 0.61435187 0.14583333 0.19166666
3 0.16354166 0.6125 0.077083334 0.09351852
2 0.21927084 0.5972222 0.029166667 0.025925925
2 0.3903646 0.59444445 0.0203125 0.018518519
2 0.36041668 0.599537 0.017708333 0.023148147
2 0.32135418 0.6009259 0.021875 0.033333335
2 0.33671874 0.58194447 0.0109375 0.019444445
3 0.35052082 0.56435186 0.011458334 0.026851851
2 0.28515625 0.59675926 0.0140625 0.017592592
2 0.27109376 0.5935185 0.013020833 0.018518519
1 0.24557291 0.58935183 0.0078125 0.023148147
3 0.2890625 0.5824074 0.0125 0.025925925
