2 0.1765625 0.6800926 0.146875 0.15092592
1 0.31197917 0.6527778 0.013541667 0.053703703
1 0.77994794 0.7837963 0.15989584 0.43055555
2 0.6276042 0.6652778 0.078125 0.050925925
2 0.61145836 0.65324074 0.054166667 0.058333334
2 0.58203125 0.65092593 0.0578125 0.05740741
0 0.73567706 0.662037 0.0109375 0.06666667
2 0.69375 0.6625 0.046875 0.043518517
2 0.6606771 0.6564815 0.0390625 0.042592593
2 0.43541667 0.65092593 0.011458334 0.014814815
2 0.46484375 0.650463 0.009895833 0.013888889
2 0.5640625 0.65 0.052083332 0.046296295
2 0.5502604 0.64768517 0.0421875 0.036111113
