2 0.9377604 0.6125 0.0703125 0.041666668
2 0.84791666 0.61388886 0.057291668 0.05185185
2 0.70520836 0.6189815 0.072916664 0.05462963
2 0.5385417 0.65416664 0.114583336 0.125
2 0.45833334 0.61527777 0.027083334 0.058333334
2 0.44947916 0.62777776 0.039583333 0.05925926
2 0.4216146 0.62083334 0.0078125 0.012037037
2 0.41015625 0.6212963 0.009895833 0.018518519
2 0.40364584 0.6212963 0.011458334 0.022222223
2 0.39270833 0.62222224 0.013541667 0.025925925
3 0.3997396 0.6157407 0.0140625 0.027777778
2 0.37708333 0.62453705 0.019791666 0.032407407
2 0.36328125 0.62546295 0.021354167 0.036111113
2 0.3440104 0.61944443 0.0328125 0.055555556
3 0.34557292 0.59814817 0.0328125 0.05740741
2 0.32447916 0.6263889 0.025 0.032407407
3 0.3 0.6027778 0.042708334 0.08148148
2 0.27447918 0.6111111 0.0375 0.072222225
2 0.16614583 0.6375 0.24583334 0.33240741
2 0.04765625 0.6467593 0.0953125 0.10462963
