1 0.7640625 0.80277777 0.042708334 0.107407406
1 0.5257813 0.7662037 0.011979166 0.049074072
4 0.49036458 0.7425926 0.0390625 0.06666667
2 0.42890626 0.76898146 0.050520834 0.0787037
2 0.40338543 0.7453704 0.0078125 0.014814815
0 0.36145833 0.7453704 0.011458334 0.055555556
2 0.34765625 0.725463 0.011979166 0.017592592
2 0.32864583 0.7347222 0.015625 0.023148147
4 0.29583332 0.72037035 0.019791666 0.025925925
4 0.25989583 0.7125 0.041666668 0.05277778
2 0.1734375 0.7384259 0.065625 0.07685185
2 0.15572916 0.70555556 0.054166667 0.06851852
