1 0.9684896 0.72037035 0.06302083 0.3
1 0.946875 0.7023148 0.07395833 0.23981482
3 0.85833335 0.62314814 0.13645834 0.09259259
1 0.8539063 0.72268516 0.065104164 0.23981482
1 0.7523438 0.6861111 0.028645834 0.107407406
1 0.7453125 0.6634259 0.096875 0.0787037
1 0.7161458 0.66805553 0.048958335 0.106481485
2 0.5200521 0.76805556 0.24635416 0.33055556
2 0.39140624 0.6800926 0.080729164 0.060185187
3 0.3752604 0.6625 0.0328125 0.06944445
2 0.32734376 0.6888889 0.1078125 0.16111112
2 0.25989583 0.71018517 0.16354166 0.21666667
0 0.24036458 0.70787036 0.050520834 0.25833333
2 0.1265625 0.78518516 0.253125 0.42592594
4 0.13671875 0.59675926 0.2734375 0.31388888
