1 0.048958335 0.6662037 0.038541667 0.06388889
0 0.08046875 0.6666667 0.008854167 0.035185184
0 0.088541664 0.66481483 0.008333334 0.044444446
0 0.13567708 0.662037 0.009895833 0.042592593
0 0.14296874 0.662037 0.008854167 0.04074074
1 0.15520833 0.65925926 0.015625 0.05
1 0.23671874 0.66157407 0.0109375 0.036111113
2 0.34036458 0.69027776 0.15364583 0.17685185
2 0.4265625 0.65416664 0.027083334 0.03425926
4 0.40442708 0.64305556 0.030729167 0.05462963
2 0.48958334 0.6490741 0.011458334 0.016666668
2 0.5026042 0.6490741 0.011458334 0.016666668
2 0.51197916 0.649537 0.015625 0.023148147
3 0.796875 0.63148147 0.13541667 0.1
1 0.88697916 0.6962963 0.06875 0.14074074
2 0.9533854 0.65694445 0.0921875 0.05462963
2 0.9809896 0.6560185 0.0359375 0.050925925
2 0.440625 0.65231484 0.013541667 0.023148147
3 0.8966146 0.62777776 0.1171875 0.107407406
