3 0.8700521 0.69861114 0.25364584 0.58981484
2 0.6794271 0.71018517 0.1171875 0.12962963
3 0.7213542 0.6212963 0.15208334 0.20555556
2 0.4830729 0.71944445 0.111979164 0.16666667
2 0.39661458 0.68703705 0.034895834 0.046296295
2 0.378125 0.6888889 0.029166667 0.044444446
3 0.3815104 0.6699074 0.038020834 0.062037036
2 0.3518229 0.69166666 0.025520833 0.031481482
2 0.30052084 0.69305557 0.057291668 0.08425926
2 0.2721354 0.7013889 0.0796875 0.09907407
4 0.13333334 0.51435184 0.26041666 0.84907407
