1 0.90052086 0.68472224 0.05 0.14907408
2 0.9145833 0.7907407 0.17083333 0.41666666
2 0.71171874 0.7106481 0.19114584 0.2361111
2 0.47578126 0.7962963 0.32239583 0.4037037
0 0.33671874 0.6851852 0.011979166 0.053703703
3 0.34270832 0.6634259 0.023958333 0.05277778
2 0.30651042 0.6805556 0.018229166 0.024074074
4 0.31484374 0.6657407 0.027604166 0.05185185
1 0.29270834 0.6828704 0.015625 0.049074072
1 0.278125 0.6805556 0.00625 0.024074074
1 0.26848957 0.6824074 0.0078125 0.027777778
0 0.234375 0.6898148 0.009375 0.05
2 0.17473958 0.6898148 0.061979167 0.046296295
2 0.108072914 0.6782407 0.06614583 0.047222223
