2 0.33515626 0.69722223 0.1234375 0.15185185
2 0.24739583 0.68333334 0.090625 0.098148145
2 0.22109374 0.66805553 0.069270834 0.05462963
2 0.11875 0.6634259 0.092708334 0.062037036
2 0.1078125 0.6666667 0.079166666 0.07037037
1 0.0609375 0.67314816 0.026041666 0.07777778
1 0.01484375 0.6791667 0.0296875 0.08425926
0 0.03984375 0.6625 0.011979166 0.06759259
2 0.6851562 0.7 0.1109375 0.13148148
2 0.51770836 0.66805553 0.046875 0.06944445
2 0.46953124 0.6587963 0.027604166 0.041666668
2 0.48072916 0.65 0.021875 0.046296295
2 0.5786458 0.65925926 0.058333334 0.05925926
2 0.4109375 0.6513889 0.023958333 0.036111113
2 0.44427082 0.6527778 0.0125 0.025925925
4 0.54296875 0.6449074 0.0203125 0.049074072
2 0.8984375 0.787037 0.19895834 0.42592594
1 0.8140625 0.68472224 0.05 0.11388889
0 0.78020835 0.6814815 0.015625 0.11666667
1 0.7973958 0.6759259 0.057291668 0.11481482
1 0.7625 0.6666667 0.023958333 0.048148148
1 0.73229164 0.6625 0.020833334 0.049074072
0 0.7502604 0.662037 0.008854167 0.05185185
0 0.6088542 0.66018516 0.0072916667 0.044444446
