3 0.40338543 0.59907407 0.08385417 0.17407407
4 0.4997396 0.6041667 0.20989583 0.41574073
3 0.30078125 0.6212963 0.10364583 0.20555556
2 0.16875 0.60231483 0.033333335 0.058333334
3 0.24713542 0.60601854 0.06822917 0.060185187
2 0.5523437 0.86944443 0.36614582 0.25925925
3 0.6203125 0.5939815 0.08020833 0.12685186
2 0.67838544 0.60555553 0.055729166 0.035185184
2 0.75703126 0.6078704 0.055729166 0.03425926
3 0.7914063 0.57685184 0.091145836 0.09074074
3 0.92864585 0.64444447 0.14166667 0.7074074
