2 0.971875 0.65925926 0.05625 0.085185185
0 0.8908854 0.63611114 0.018229166 0.08148148
0 0.9265625 0.6273148 0.008333334 0.049074072
0 0.85625 0.63611114 0.015625 0.072222225
3 0.7033854 0.6324074 0.080729164 0.19444445
4 0.5981771 0.6097222 0.07447917 0.1287037
1 0.525 0.63935184 0.047916666 0.11018518
2 0.34635416 0.6657407 0.13333334 0.12592593
1 0.2984375 0.6342593 0.023958333 0.07037037
0 0.22213541 0.64166665 0.021354167 0.12407407
0 0.12447917 0.65185183 0.025 0.15185185
0 0.06979167 0.6527778 0.028125 0.15185185
