0 0.71510416 0.65185183 0.014583333 0.06666667
1 0.6721354 0.662963 0.022395832 0.087037034
1 0.646875 0.66018516 0.016666668 0.074074075
1 0.575 0.64166665 0.011458334 0.05
1 0.49895832 0.6481481 0.009375 0.03888889
1 0.4856771 0.64537036 0.0078125 0.033333335
1 0.47994792 0.64305556 0.0078125 0.026851851
2 0.44635418 0.6634259 0.059375 0.08611111
2 0.42604166 0.6435185 0.03125 0.06111111
2 0.4065104 0.64537036 0.019270834 0.031481482
3 0.3518229 0.60925925 0.08802083 0.16296296
2 0.2955729 0.66944444 0.0984375 0.11296296
2 0.26354167 0.65324074 0.06875 0.08055556
2 0.22838542 0.65185183 0.0421875 0.05740741
2 0.16197917 0.65416664 0.114583336 0.13240741
2 0.059114583 0.6828704 0.118229166 0.16944444
