3 0.265625 0.66064817 0.11354167 0.13425925
0 0.28489584 0.70416665 0.010416667 0.05648148
2 0.49895832 0.70046294 0.009375 0.019444445
2 0.50416666 0.6861111 0.011458334 0.02037037
2 0.51484376 0.7074074 0.013020833 0.02037037
2 0.5385417 0.70416665 0.028125 0.015740741
4 0.5372396 0.6888889 0.015104166 0.025925925
2 0.4856771 0.6967593 0.009895833 0.017592592
2 0.47083333 0.6976852 0.021875 0.049074072
2 0.4533854 0.712037 0.0296875 0.04074074
2 0.3986979 0.68333334 0.056770835 0.10555556
1 0.5570313 0.69305557 0.0046875 0.023148147
