0 0.98072916 0.66018516 0.032291666 0.16666667
0 0.7447917 0.65092593 0.01875 0.09259259
1 0.5236979 0.6657407 0.0203125 0.055555556
1 0.5015625 0.6675926 0.008333334 0.03888889
2 0.4640625 0.6861111 0.06979167 0.10185185
2 0.37994793 0.6675926 0.021354167 0.03888889
2 0.35755208 0.67314816 0.025520833 0.044444446
2 0.3421875 0.67083335 0.035416666 0.05462963
2 0.31536457 0.67638886 0.043229166 0.058333334
2 0.29010418 0.6791667 0.048958335 0.0712963
2 0.26067707 0.6796296 0.0703125 0.08888889
2 0.20703125 0.68703705 0.08385417 0.10185185
2 0.14661458 0.6921296 0.1203125 0.14166667
2 0.06328125 0.72407407 0.1234375 0.36481482
