2 0.8960937 0.7574074 0.20572917 0.48518518
1 0.8265625 0.70416665 0.028125 0.08796296
1 0.79296875 0.7111111 0.031770833 0.10925926
1 0.7125 0.68564814 0.017708333 0.0787037
2 0.5669271 0.6875 0.06302083 0.08425926
2 0.51770836 0.6666667 0.028125 0.03888889
2 0.4796875 0.70416665 0.10208333 0.14537036
4 0.41328126 0.64444447 0.021354167 0.03888889
2 0.37317708 0.6722222 0.07447917 0.11111111
2 0.33411458 0.66064817 0.058854166 0.08055556
2 0.26171875 0.675 0.091145836 0.096296296
4 0.1953125 0.6236111 0.12708333 0.13425925
2 0.18802084 0.6736111 0.092708334 0.08796296
2 0.090885416 0.6560185 0.09322917 0.10462963
4 0.033072915 0.61944443 0.06614583 0.21851853
