1 0.088802084 0.650463 0.038020834 0.05648148
2 0.13515624 0.6402778 0.07760417 0.05277778
1 0.234375 0.64398146 0.035416666 0.05648148
1 0.27135417 0.6402778 0.0125 0.03425926
1 0.2796875 0.63935184 0.019791666 0.037962962
1 0.29088542 0.63935184 0.0078125 0.03425926
2 0.375 0.65324074 0.07395833 0.08981481
4 0.37708333 0.61851853 0.03125 0.06481481
2 0.41302082 0.63611114 0.025 0.042592593
1 0.4450521 0.6310185 0.018229166 0.037962962
3 0.4986979 0.5972222 0.11927083 0.26666668
2 0.48828125 0.5537037 0.09322917 0.17777778
3 0.6174479 0.62685186 0.1640625 0.13518518
3 0.6625 0.62546295 0.079166666 0.13240741
2 0.5783854 0.6574074 0.059895832 0.08888889
2 0.6039063 0.6675926 0.06614583 0.11666667
2 0.6580729 0.6805556 0.096354164 0.15925926
2 0.7388021 0.70092595 0.21822916 0.27037036
0 0.915625 0.6513889 0.011458334 0.060185187
0 0.90234375 0.6513889 0.013020833 0.06574074
