2 0.02109375 0.6351852 0.041145835 0.027777778
1 0.12682292 0.65416664 0.0203125 0.060185187
2 0.21432291 0.6319444 0.033854168 0.023148147
1 0.32708332 0.63703704 0.009375 0.027777778
1 0.34270832 0.63703704 0.00625 0.024074074
1 0.3658854 0.63564813 0.0067708334 0.017592592
5 0.35416666 0.6351852 0.0072916667 0.022222223
1 0.75416666 0.6467593 0.020833334 0.062037036
2 0.55677086 0.6467593 0.054166667 0.075
2 0.521875 0.6398148 0.028125 0.048148148
3 0.50208336 0.62546295 0.015625 0.03425926
2 0.5078125 0.6351852 0.019791666 0.033333335
2 0.4875 0.6342593 0.015625 0.024074074
2 0.47265625 0.63611114 0.018229166 0.02962963
2 0.45208332 0.63055557 0.011458334 0.016666668
3 0.44140625 0.6212963 0.011979166 0.027777778
4 0.4283854 0.62453705 0.0171875 0.03425926
2 0.40625 0.6342593 0.014583333 0.02037037
0 0.39166668 0.6324074 0.004166667 0.02037037
0 0.3828125 0.6328704 0.0052083335 0.017592592
