1 0.26796874 0.6342593 0.044270832 0.12222222
0 0.20859376 0.6171296 0.0078125 0.050925925
0 0.18697916 0.6125 0.009375 0.04537037
2 0.36536458 0.6134259 0.080729164 0.062037036
1 0.4671875 0.6273148 0.084375 0.15462963
2 0.4934896 0.59675926 0.021354167 0.03425926
1 0.56458336 0.6800926 0.18020834 0.29722223
0 0.7872396 0.6009259 0.009895833 0.06666667
0 0.95885414 0.6402778 0.08229167 0.22870371
2 0.8934896 0.6064815 0.111979164 0.075925924
2 0.965625 0.599537 0.06875 0.06759259
4 0.9096354 0.5712963 0.1796875 0.13333334
