1 0.30260417 0.6148148 0.015625 0.048148148
1 0.33776042 0.61527777 0.0109375 0.04537037
2 0.39375 0.6111111 0.029166667 0.044444446
3 0.40729168 0.59444445 0.03125 0.06851852
2 0.4484375 0.60925925 0.033333335 0.048148148
3 0.45911458 0.5833333 0.031770833 0.08148148
3 0.5338542 0.5925926 0.028125 0.06111111
3 0.5658854 0.59537035 0.027604166 0.05
1 0.7057292 0.62314814 0.0125 0.06111111
1 0.7815104 0.62824076 0.015104166 0.05277778
1 0.8286458 0.6328704 0.020833334 0.09537037
1 0.9398438 0.63842595 0.033854168 0.05277778
1 0.31171876 0.6162037 0.009895833 0.039814815
