2 0.9713542 0.6310185 0.051041666 0.14166667
2 0.92604166 0.6337963 0.104166664 0.125
2 0.8609375 0.6398148 0.128125 0.1037037
2 0.8148438 0.6300926 0.084895834 0.10092592
1 0.5171875 0.6310185 0.014583333 0.047222223
2 0.4609375 0.6333333 0.054166667 0.087037034
2 0.42473957 0.60555553 0.011979166 0.027777778
2 0.4153646 0.61944443 0.019270834 0.035185184
2 0.3997396 0.61851853 0.034895834 0.05185185
2 0.36197916 0.62685186 0.05625 0.075925924
1 0.1796875 0.6328704 0.047916666 0.13425925
1 0.12604167 0.62453705 0.05 0.12685186
2 0.15625 0.5902778 0.0875 0.08055556
2 0.076822914 0.5856481 0.0921875 0.08611111
1 0.031770833 0.63148147 0.061458334 0.20555556
