1 0.14192708 0.6875 0.021354167 0.058333334
2 0.44140625 0.68703705 0.0203125 0.025925925
3 0.46770832 0.6796296 0.015625 0.024074074
2 0.48958334 0.6921296 0.025 0.036111113
2 0.5018229 0.6791667 0.019270834 0.041666668
2 0.515625 0.6851852 0.0125 0.02037037
4 0.52994794 0.6773148 0.018229166 0.03425926
2 0.64375 0.69398147 0.036458332 0.030555556
0 0.7158854 0.69814813 0.0078125 0.03888889
0 0.61796874 0.6921296 0.0078125 0.039814815
0 0.9955729 0.71712965 0.008854167 0.11574074
0 0.8286458 0.70185184 0.010416667 0.06111111
