2 0.16588542 0.64537036 0.1390625 0.08888889
0 0.111979164 0.6388889 0.011458334 0.062962964
0 0.2658854 0.6351852 0.0140625 0.08148148
0 0.30677083 0.63796294 0.027083334 0.08148148
0 0.33984375 0.63611114 0.011979166 0.06851852
0 0.33411458 0.64166665 0.009895833 0.06111111
2 0.50572914 0.6203704 0.022916667 0.016666668
2 0.4921875 0.62222224 0.017708333 0.011111111
2 0.47473958 0.61944443 0.0078125 0.014814815
2 0.46875 0.6212963 0.013541667 0.025925925
2 0.45390624 0.62083334 0.008854167 0.013888889
2 0.43645832 0.62175924 0.0072916667 0.012037037
1 0.43177083 0.6226852 0.008333334 0.013888889
4 0.44739583 0.6180556 0.009375 0.017592592
2 0.6778646 0.5662037 0.019270834 0.032407407
