0 0.8296875 0.68333334 0.019791666 0.07962963
0 0.675 0.662963 0.013541667 0.05
1 0.6328125 0.662963 0.010416667 0.044444446
2 0.51145834 0.6402778 0.0125 0.019444445
1 0.46354166 0.6935185 0.072916664 0.14074074
2 0.42005208 0.6296296 0.0140625 0.031481482
3 0.40546876 0.63055557 0.018229166 0.04074074
2 0.39765626 0.6328704 0.019270834 0.036111113
2 0.39270833 0.6402778 0.015625 0.023148147
2 0.37604168 0.64537036 0.017708333 0.031481482
2 0.36328125 0.64444447 0.0203125 0.037037037
2 0.3518229 0.6458333 0.025520833 0.043518517
2 0.3278646 0.6513889 0.0390625 0.043518517
2 0.296875 0.6435185 0.029166667 0.05
2 0.27239582 0.650463 0.040625 0.041666668
2 0.25286457 0.64768517 0.0390625 0.039814815
