2 0.5059896 0.7013889 0.1421875 0.20277777
2 0.021354167 0.64305556 0.0375 0.050925925
2 0.0734375 0.63703704 0.038541667 0.055555556
2 0.12109375 0.63703704 0.038020834 0.053703703
0 0.14713542 0.6365741 0.008854167 0.047222223
2 0.15755208 0.6402778 0.040104166 0.039814815
0 0.31354168 0.65231484 0.010416667 0.05277778
1 0.36354166 0.65185183 0.015625 0.05185185
2 0.4205729 0.65185183 0.043229166 0.044444446
2 0.6723958 0.66157407 0.022916667 0.09907407
2 0.68828124 0.65787035 0.011979166 0.047222223
2 0.69453126 0.6458333 0.011979166 0.050925925
2 0.09453125 0.6398148 0.036979165 0.037037037
