0 0.019270834 0.6101852 0.010416667 0.055555556
2 0.19869791 0.71712965 0.29322916 0.28796297
2 0.36328125 0.61203706 0.027604166 0.037037037
3 0.4140625 0.59305555 0.042708334 0.073148146
2 0.43541667 0.6296296 0.040625 0.06481481
2 0.53125 0.7162037 0.23125 0.35462964
1 0.62578124 0.62685186 0.015104166 0.05185185
1 0.68098956 0.6328704 0.0171875 0.05648148
1 0.7578125 0.63564813 0.030208332 0.075
0 0.8013021 0.6351852 0.008854167 0.053703703
0 0.8640625 0.6425926 0.019791666 0.08888889
2 0.96171874 0.6310185 0.07447917 0.05648148
