2 0.85625 0.6921296 0.23125 0.32314816
2 0.7320312 0.67638886 0.1296875 0.16574074
2 0.6765625 0.65462965 0.098958336 0.13148148
0 0.19088541 0.6212963 0.0140625 0.062962964
0 0.17760417 0.6212963 0.010416667 0.06481481
0 0.15755208 0.6263889 0.015104166 0.06574074
0 0.11927083 0.6300926 0.017708333 0.106481485
0 0.10911458 0.62685186 0.0109375 0.096296296
1 0.3359375 0.6412037 0.019791666 0.08796296
2 0.5606771 0.6273148 0.0234375 0.021296296
2 0.6351563 0.649537 0.0546875 0.08981481
2 0.6059896 0.64166665 0.046354167 0.06666667
2 0.6018229 0.6287037 0.0390625 0.085185185
