1 0.9848958 0.7125 0.028125 0.10462963
2 0.9458333 0.7083333 0.108333334 0.096296296
0 0.7247396 0.7125 0.015104166 0.08055556
1 0.6273438 0.71342593 0.069270834 0.121296294
2 0.5059896 0.7175926 0.15885417 0.09259259
2 0.440625 0.6925926 0.027083334 0.03888889
2 0.3356771 0.6953704 0.0921875 0.05740741
1 0.3278646 0.69953704 0.0515625 0.075
1 0.28619793 0.69722223 0.0390625 0.06666667
1 0.23489584 0.6888889 0.010416667 0.05740741
1 0.19765624 0.6921296 0.019270834 0.05277778
2 0.075 0.6898148 0.109375 0.07777778
1 0.032552082 0.69953704 0.06302083 0.13425925
