2 0.9057292 0.78287035 0.1875 0.4324074
2 0.77734375 0.724537 0.24114583 0.23796296
2 0.6557292 0.6837963 0.140625 0.175
2 0.57734376 0.6787037 0.0984375 0.10555556
2 0.5289062 0.6726852 0.0703125 0.08425926
2 0.48489583 0.6662037 0.061458334 0.06944445
2 0.4440104 0.65694445 0.056770835 0.06759259
2 0.41223958 0.6597222 0.046354167 0.049074072
2 0.38072917 0.65833336 0.044791665 0.046296295
2 0.34739584 0.65416664 0.04375 0.047222223
2 0.3203125 0.65787035 0.036458332 0.037962962
2 0.30572918 0.6550926 0.052083332 0.036111113
2 0.24947916 0.6564815 0.042708334 0.031481482
2 0.13802083 0.65555555 0.036458332 0.027777778
