3 0.09296875 0.62546295 0.12135417 0.125
2 0.1140625 0.6634259 0.06458333 0.09351852
2 0.17526041 0.70555556 0.1109375 0.14074074
2 0.22421876 0.68472224 0.0578125 0.08611111
3 0.23229167 0.6675926 0.048958335 0.1
2 0.2736979 0.66712964 0.027604166 0.043518517
3 0.30260417 0.6513889 0.047916666 0.08425926
2 0.33203125 0.72314817 0.12135417 0.22592592
2 0.44765624 0.7902778 0.3328125 0.41574073
2 0.6091146 0.6796296 0.047395833 0.046296295
0 0.6645833 0.7175926 0.023958333 0.11851852
2 0.9341146 0.7638889 0.13177083 0.17222223
