2 0.8015625 0.63055557 0.11666667 0.06481481
0 0.87083334 0.6199074 0.010416667 0.058333334
2 0.72005206 0.7027778 0.20260416 0.20555556
0 0.6330729 0.67546296 0.0578125 0.21944444
2 0.49661458 0.62685186 0.0265625 0.035185184
2 0.45520833 0.6171296 0.013541667 0.021296296
2 0.43489584 0.61203706 0.009375 0.016666668
2 0.425 0.60925925 0.017708333 0.016666668
2 0.38828126 0.6175926 0.0234375 0.037037037
2 0.36145833 0.6134259 0.019791666 0.028703704
2 0.32317707 0.6240741 0.0609375 0.085185185
1 0.15963541 0.6180556 0.033854168 0.08240741
