2 0.05078125 0.5902778 0.055729166 0.05648148
2 0.09583333 0.59166664 0.046875 0.05925926
2 0.11901042 0.5949074 0.0671875 0.06944445
2 0.20364584 0.59166664 0.14583333 0.14444445
1 0.2765625 0.7013889 0.20104167 0.44722223
0 0.36796874 0.61851853 0.0234375 0.12962963
3 0.32421875 0.59212965 0.16822916 0.14907408
2 0.40625 0.6171296 0.12083333 0.09166667
3 0.43932292 0.59074074 0.15364583 0.1388889
3 0.5130208 0.59537035 0.11666667 0.10925926
3 0.584375 0.6009259 0.08125 0.085185185
3 0.6195313 0.59212965 0.080729164 0.08796296
1 0.74869794 0.63564813 0.022395832 0.08055556
2 0.8023437 0.62083334 0.038020834 0.025
2 0.7182292 0.6111111 0.020833334 0.037037037
2 0.68619794 0.6162037 0.028645834 0.039814815
2 0.8911458 0.625 0.03125 0.044444446
1 0.978125 0.66851854 0.04375 0.21481481
