2 0.31432292 0.64305556 0.1609375 0.08981481
2 0.19088541 0.62777776 0.1296875 0.096296296
0 0.10546875 0.62824076 0.0140625 0.06574074
2 0.034114584 0.63611114 0.06822917 0.075925924
1 0.3596354 0.62685186 0.011979166 0.048148148
2 0.40208334 0.62222224 0.032291666 0.046296295
3 0.4140625 0.61064816 0.029166667 0.060185187
1 0.44270834 0.62777776 0.021875 0.044444446
2 0.4484375 0.6212963 0.019791666 0.048148148
2 0.46276042 0.6240741 0.0171875 0.035185184
2 0.46979168 0.6287037 0.014583333 0.037037037
2 0.5075521 0.6236111 0.031770833 0.05648148
2 0.5765625 0.6527778 0.15625 0.11851852
2 0.7015625 0.6513889 0.121875 0.07685185
2 0.68619794 0.6398148 0.08177083 0.06666667
4 0.9703125 0.6388889 0.059375 0.14444445
3 0.95703125 0.61851853 0.0859375 0.16666667
3 0.86848956 0.6199074 0.16822916 0.15648147
