4 0.8257812 0.50648147 0.34739584 0.58518517
2 0.6033854 0.6157407 0.0546875 0.06666667
2 0.58671874 0.6111111 0.044270832 0.06851852
2 0.5315104 0.6324074 0.07447917 0.107407406
2 0.5216146 0.6097222 0.0484375 0.10092592
3 0.55598956 0.57685184 0.034895834 0.087037034
2 0.4515625 0.60555553 0.029166667 0.042592593
2 0.43151042 0.61388886 0.043229166 0.05740741
2 0.38072917 0.6097222 0.039583333 0.05648148
2 0.32369792 0.61527777 0.0703125 0.0787037
2 0.039583333 0.650463 0.079166666 0.19351852
