2 0.93385416 0.76203704 0.13125 0.39259258
4 0.6388021 0.5787037 0.20052083 0.31851852
2 0.53541666 0.63472223 0.032291666 0.050925925
3 0.52421874 0.6087963 0.0390625 0.08796296
2 0.5078125 0.62824076 0.015625 0.023148147
2 0.48046875 0.63611114 0.036979165 0.05
2 0.44114584 0.6652778 0.096875 0.14166667
3 0.4205729 0.61296296 0.034895834 0.075925924
2 0.3971354 0.63703704 0.0390625 0.053703703
2 0.3453125 0.63703704 0.038541667 0.046296295
2 0.2859375 0.65462965 0.088541664 0.10555556
4 0.1234375 0.51944447 0.246875 0.65555555
