0 0.8570312 0.6722222 0.034895834 0.13703704
1 0.8028646 0.6703704 0.038020834 0.1037037
2 0.60572916 0.6699074 0.121875 0.14722222
1 0.9848958 0.7013889 0.030208332 0.11574074
2 0.5309896 0.63055557 0.053645834 0.06666667
2 0.4997396 0.61388886 0.018229166 0.027777778
2 0.4875 0.62083334 0.023958333 0.037962962
2 0.46588543 0.6240741 0.033854168 0.053703703
3 0.45130208 0.60555553 0.028645834 0.055555556
2 0.41666666 0.6111111 0.029166667 0.033333335
3 0.43489584 0.5949074 0.015625 0.037962962
2 0.3703125 0.6148148 0.029166667 0.044444446
2 0.33880207 0.62083334 0.052604165 0.0712963
2 0.32734376 0.59675926 0.0328125 0.039814815
2 0.27760416 0.61203706 0.053125 0.06111111
2 0.027083334 0.59166664 0.054166667 0.08148148
0 0.16927083 0.5939815 0.009375 0.039814815
0 0.16067709 0.59537035 0.0109375 0.042592593
