2 0.120052084 0.62453705 0.17135416 0.10277778
2 0.21432291 0.6342593 0.0265625 0.04074074
2 0.47578126 0.6342593 0.12552084 0.072222225
1 0.5492188 0.6296296 0.0109375 0.03888889
0 0.59791666 0.6259259 0.0072916667 0.03888889
1 0.6205729 0.65833336 0.041145835 0.12777779
1 0.6752604 0.6587963 0.036979165 0.13425925
1 0.72005206 0.66712964 0.0515625 0.13981481
2 0.7320312 0.6351852 0.116145834 0.098148145
1 0.7388021 0.6597222 0.049479168 0.13425925
1 0.7632812 0.6458333 0.025520833 0.106481485
1 0.79609376 0.6324074 0.016145833 0.046296295
1 0.81927085 0.65185183 0.034375 0.096296296
2 0.88177085 0.6375 0.125 0.10092592
0 0.87864584 0.6388889 0.014583333 0.08148148
