5 0.9486979 0.7263889 0.100520834 0.27314815
3 0.8609375 0.64305556 0.08541667 0.0787037
0 0.7760417 0.6634259 0.016666668 0.058333334
0 0.7583333 0.66157407 0.010416667 0.050925925
0 0.7518229 0.66064817 0.0078125 0.05462963
1 0.63411456 0.66064817 0.0328125 0.05648148
0 0.56640625 0.6486111 0.0078125 0.043518517
1 0.5257813 0.65231484 0.0234375 0.047222223
0 0.24375 0.6351852 0.010416667 0.05925926
2 0.13958333 0.63611114 0.079166666 0.042592593
0 0.1375 0.6365741 0.011458334 0.058333334
1 0.11536458 0.6402778 0.0265625 0.047222223
2 0.059895832 0.6273148 0.071875 0.05462963
