2 0.059114583 0.65787035 0.118229166 0.16944444
2 0.60572916 0.6018519 0.04375 0.06481481
2 0.6429688 0.6111111 0.028645834 0.04074074
4 0.6640625 0.59675926 0.042708334 0.05462963
2 0.68125 0.6111111 0.020833334 0.024074074
2 0.69739586 0.60555553 0.026041666 0.05185185
2 0.71666664 0.6111111 0.021875 0.027777778
2 0.7328125 0.6101852 0.023958333 0.031481482
2 0.75625 0.6097222 0.032291666 0.037962962
2 0.7885417 0.61435187 0.034375 0.032407407
2 0.8226563 0.6125 0.040104166 0.039814815
3 0.8773438 0.5861111 0.065104164 0.098148145
2 0.9585937 0.61851853 0.0828125 0.1574074
2 0.9638021 0.7138889 0.071354166 0.2537037
3 0.7328125 0.5888889 0.045833334 0.04074074
