2 0.07395833 0.69027776 0.14791666 0.16574074
2 0.24921875 0.6912037 0.13385417 0.14907408
2 0.3658854 0.6157407 0.050520834 0.074074075
2 0.27421874 0.62083334 0.047395833 0.05648148
3 0.7296875 0.6125 0.240625 0.38055557
1 0.8950521 0.6273148 0.031770833 0.10092592
1 0.9825521 0.6324074 0.034895834 0.11296296
1 0.85572916 0.6134259 0.021875 0.0787037
2 0.53046876 0.5962963 0.0296875 0.044444446
4 0.5216146 0.5675926 0.015104166 0.03888889
2 0.46822917 0.5763889 0.013541667 0.021296296
3 0.496875 0.56666666 0.014583333 0.04074074
3 0.43385416 0.5601852 0.011458334 0.035185184
