2 0.13359375 0.6462963 0.2671875 0.35185185
3 0.5104167 0.6481481 0.0125 0.024074074
2 0.5208333 0.67546296 0.025 0.017592592
4 0.53203124 0.662037 0.015104166 0.033333335
2 0.49427083 0.67083335 0.011458334 0.017592592
2 0.46692708 0.67777777 0.0140625 0.027777778
2 0.4453125 0.6759259 0.035416666 0.072222225
2 0.39140624 0.69814813 0.0640625 0.075925924
2 0.509375 0.6787037 0.014583333 0.025925925
0 0.34635416 0.6884259 0.0072916667 0.03425926
2 0.4765625 0.6722222 0.008333334 0.016666668
2 0.48072916 0.67083335 0.008333334 0.015740741
1 0.5609375 0.6726852 0.0072916667 0.028703704
1 0.55625 0.6712963 0.004166667 0.014814815
