4 0.2046875 0.5 0.409375 1.0
2 0.6070312 0.6134259 0.047395833 0.05462963
2 0.5825521 0.6009259 0.008854167 0.0129629625
3 0.61796874 0.599537 0.058854166 0.06574074
3 0.675 0.6050926 0.044791665 0.058333334
2 0.7132813 0.61064816 0.022395832 0.025
2 0.7338542 0.6101852 0.022916667 0.031481482
3 0.7453125 0.59305555 0.036458332 0.041666668
2 0.75703126 0.60925925 0.033854168 0.037037037
2 0.7875 0.6134259 0.032291666 0.032407407
2 0.8231771 0.6134259 0.043229166 0.039814815
4 0.859375 0.599537 0.07604167 0.062037036
2 0.91770834 0.61851853 0.042708334 0.04074074
2 0.9848958 0.6162037 0.030208332 0.08981481
