2 0.19739583 0.63611114 0.04375 0.072222225
2 0.27630207 0.6162037 0.027604166 0.041666668
2 0.428125 0.6134259 0.015625 0.021296296
2 0.43541667 0.61064816 0.009375 0.013888889
2 0.45104167 0.61157405 0.0125 0.017592592
2 0.46354166 0.6074074 0.011458334 0.016666668
2 0.47760418 0.6125 0.020833334 0.030555556
2 0.48932293 0.6166667 0.025520833 0.03888889
2 0.525 0.62916666 0.05 0.06388889
1 0.59947914 0.6212963 0.009375 0.03888889
1 0.57447916 0.61851853 0.008333334 0.035185184
2 0.62135416 0.6157407 0.04375 0.027777778
2 0.68125 0.62175924 0.06875 0.047222223
2 0.7395833 0.6240741 0.08645833 0.053703703
2 0.82421875 0.6300926 0.091145836 0.075
2 0.9044271 0.6199074 0.1390625 0.12685186
2 0.95989585 0.63472223 0.079166666 0.11388889
