2 0.14296874 0.64537036 0.0484375 0.055555556
2 0.20703125 0.65092593 0.034895834 0.035185184
2 0.22838542 0.6472222 0.024479168 0.037037037
2 0.28385416 0.6550926 0.04375 0.050925925
2 0.39140624 0.65092593 0.013020833 0.014814815
2 0.40859374 0.64768517 0.0078125 0.013888889
3 0.45390624 0.6175926 0.091145836 0.23148148
2 0.50859374 0.65324074 0.016145833 0.021296296
2 0.5796875 0.66018516 0.041666668 0.08148148
2 0.5578125 0.6759259 0.06875 0.1037037
2 0.64479166 0.6643519 0.041666668 0.0712963
0 0.6098958 0.6537037 0.0052083335 0.031481482
2 0.6296875 0.6467593 0.0125 0.019444445
4 0.8226563 0.6037037 0.3546875 0.43888888
