2 0.12994792 0.66481483 0.25989583 0.43148148
2 0.26770833 0.6375 0.13333334 0.2212963
2 0.31666666 0.6157407 0.046875 0.06666667
2 0.39453125 0.6157407 0.0203125 0.025925925
2 0.4515625 0.6689815 0.119791664 0.16944444
2 0.4919271 0.6287037 0.038020834 0.07962963
2 0.5059896 0.6273148 0.0390625 0.060185187
1 0.6174479 0.63842595 0.016145833 0.05277778
1 0.60546875 0.6402778 0.013020833 0.05462963
1 0.5622396 0.6342593 0.0109375 0.03888889
2 0.7505208 0.72083336 0.25833333 0.2787037
1 0.9270833 0.66018516 0.05 0.07962963
3 0.34010416 0.60833335 0.027083334 0.048148148
