2 0.9109375 0.80925924 0.178125 0.38148147
1 0.61588544 0.65324074 0.0421875 0.06388889
3 0.5486979 0.6203704 0.09322917 0.098148145
2 0.4934896 0.6402778 0.027604166 0.039814815
2 0.42786458 0.68564814 0.1484375 0.22314815
1 0.34973958 0.6425926 0.011979166 0.04074074
1 0.33984375 0.6435185 0.0109375 0.04074074
1 0.32447916 0.64166665 0.011458334 0.044444446
1 0.30625 0.64305556 0.013541667 0.039814815
1 0.27526042 0.64305556 0.0171875 0.041666668
1 0.259375 0.6472222 0.023958333 0.06851852
1 0.21744792 0.6481481 0.022395832 0.055555556
1 0.20546874 0.64768517 0.027604166 0.047222223
1 0.0640625 0.6472222 0.03125 0.046296295
