2 0.06015625 0.71712965 0.1203125 0.525
2 0.42552084 0.6722222 0.12083333 0.17037037
0 0.12682292 0.6134259 0.0234375 0.12685186
0 0.18489583 0.6087963 0.013541667 0.06944445
1 0.2171875 0.63148147 0.028125 0.098148145
1 0.32708332 0.625 0.022916667 0.08148148
0 0.30885416 0.6111111 0.0072916667 0.033333335
1 0.4986979 0.6333333 0.0171875 0.072222225
1 0.5289062 0.66944444 0.033854168 0.17222223
1 0.54036456 0.66712964 0.0328125 0.15092592
0 0.5651042 0.63564813 0.016666668 0.08240741
1 0.57942706 0.650463 0.0328125 0.12314815
1 0.6510417 0.6449074 0.03125 0.06944445
