1 0.048697915 0.6611111 0.0546875 0.1537037
2 0.41119793 0.6078704 0.027604166 0.036111113
2 0.4752604 0.60231483 0.024479168 0.03425926
2 0.45 0.62777776 0.063541666 0.09259259
1 0.5096354 0.6490741 0.0390625 0.13518518
2 0.5520833 0.6087963 0.027083334 0.039814815
2 0.565625 0.6175926 0.0375 0.05
2 0.5825521 0.62175924 0.0515625 0.06388889
0 0.6609375 0.6337963 0.022916667 0.09351852
1 0.68958336 0.649537 0.041666668 0.13611111
2 0.79817706 0.6574074 0.1390625 0.14444445
1 0.94895834 0.7324074 0.10208333 0.40925926
