0 0.16223958 0.6333333 0.011979166 0.055555556
0 0.178125 0.6296296 0.010416667 0.048148148
0 0.18802084 0.62777776 0.009375 0.046296295
2 0.34661457 0.6375 0.046354167 0.047222223
2 0.40130207 0.63611114 0.0203125 0.024074074
4 0.4171875 0.6259259 0.023958333 0.024074074
4 0.44739583 0.6212963 0.038541667 0.09074074
1 0.47447917 0.63935184 0.008333334 0.032407407
1 0.4924479 0.6388889 0.009895833 0.037037037
0 0.5132812 0.65 0.0109375 0.053703703
2 0.528125 0.6449074 0.020833334 0.047222223
2 0.5445312 0.6490741 0.041145835 0.05925926
2 0.56119794 0.66064817 0.034895834 0.06388889
2 0.584375 0.66481483 0.057291668 0.074074075
2 0.6695312 0.6925926 0.09427083 0.13703704
2 0.7638021 0.7083333 0.18385416 0.23148148
2 0.8934896 0.76111114 0.2109375 0.47777778
