4 0.89921874 0.6097222 0.19947916 0.21018519
1 0.8854167 0.6814815 0.03125 0.09259259
0 0.78046876 0.662037 0.011979166 0.06481481
0 0.58020836 0.6486111 0.010416667 0.05277778
2 0.54817706 0.6537037 0.038020834 0.06111111
2 0.49401042 0.6125 0.028645834 0.050925925
3 0.4953125 0.6398148 0.0375 0.06666667
4 0.33671874 0.6037037 0.1703125 0.25555557
1 0.22890624 0.64444447 0.0171875 0.044444446
1 0.20104167 0.6472222 0.013541667 0.044444446
1 0.16666667 0.6490741 0.016666668 0.05185185
1 0.059114583 0.65462965 0.0265625 0.06666667
