0 0.79609376 0.650463 0.019270834 0.108333334
1 0.6153646 0.64444447 0.0140625 0.053703703
2 0.42473957 0.68564814 0.09322917 0.13611111
2 0.38697916 0.6365741 0.011458334 0.017592592
2 0.37421876 0.63842595 0.018229166 0.026851851
2 0.3609375 0.6412037 0.022916667 0.037962962
2 0.3515625 0.6458333 0.03125 0.047222223
2 0.3328125 0.6486111 0.04375 0.06388889
2 0.27447918 0.6666667 0.07083333 0.09259259
4 0.23229167 0.6212963 0.10208333 0.12962963
2 0.19765624 0.6787037 0.1234375 0.1574074
1 0.15208334 0.65324074 0.016666668 0.04537037
2 0.031770833 0.65324074 0.063541666 0.05648148
2 0.025260417 0.69861114 0.050520834 0.15277778
