2 0.054947916 0.6458333 0.10885417 0.08055556
2 0.11119792 0.64768517 0.10364583 0.073148146
2 0.14296874 0.6398148 0.0859375 0.074074075
2 0.171875 0.6425926 0.07083333 0.06666667
2 0.184375 0.6337963 0.078125 0.06759259
2 0.23177083 0.6388889 0.06979167 0.044444446
2 0.28046876 0.6324074 0.065104164 0.03888889
2 0.40703124 0.6449074 0.024479168 0.036111113
2 0.4283854 0.65555555 0.052604165 0.062962964
2 0.5111979 0.6425926 0.018229166 0.02962963
2 0.53828126 0.6412037 0.0140625 0.019444445
3 0.5328125 0.6319444 0.016666668 0.032407407
1 0.5825521 0.6467593 0.008854167 0.037962962
1 0.5942708 0.65185183 0.0125 0.05
5 0.63984376 0.6597222 0.030729167 0.06759259
1 0.81458336 0.69814813 0.048958335 0.17407407
2 0.35651043 0.6365741 0.0390625 0.032407407
2 0.37317708 0.6365741 0.036979165 0.028703704
