2 0.024739584 0.69398147 0.049479168 0.11388889
2 0.10755208 0.69398147 0.08385417 0.08240741
2 0.13880208 0.6884259 0.0421875 0.060185187
2 0.16328125 0.6837963 0.038020834 0.06388889
1 0.24036458 0.70648146 0.19010417 0.587037
1 0.41015625 0.73425925 0.06614583 0.35
2 0.27109376 0.6666667 0.021354167 0.04074074
2 0.26770833 0.6865741 0.021875 0.04537037
2 0.3190104 0.6675926 0.019270834 0.02962963
1 0.33411458 0.6703704 0.0078125 0.025925925
2 0.36328125 0.67083335 0.027604166 0.043518517
2 0.35364583 0.6787037 0.029166667 0.05185185
0 0.49296874 0.6703704 0.022395832 0.12222222
0 0.5734375 0.6699074 0.030208332 0.14537036
0 0.6528646 0.67083335 0.027604166 0.15092592
0 0.5236979 0.6703704 0.013020833 0.07962963
0 0.5502604 0.6736111 0.016145833 0.10277778
0 0.6140625 0.6837963 0.020833334 0.10277778
0 0.6049479 0.6791667 0.0234375 0.10092592
