2 0.095052086 0.7337963 0.19010417 0.18240741
2 0.16015625 0.78564817 0.2578125 0.25648147
2 0.20885417 0.6773148 0.098958336 0.12314815
2 0.27838543 0.6712963 0.07447917 0.09074074
0 0.123697914 0.6481481 0.019270834 0.087037034
0 0.18046875 0.6490741 0.021354167 0.10555556
0 0.27604166 0.6328704 0.014583333 0.062037036
2 0.32109374 0.65 0.053645834 0.08888889
2 0.35078126 0.64166665 0.036979165 0.072222225
2 0.3828125 0.662037 0.06666667 0.085185185
2 0.3921875 0.61944443 0.030208332 0.042592593
2 0.44270834 0.6189815 0.046875 0.03425926
1 0.46796876 0.6199074 0.011979166 0.041666668
2 0.5033854 0.6101852 0.028645834 0.024074074
2 0.54322916 0.6175926 0.038541667 0.031481482
3 0.7497396 0.62222224 0.14947917 0.096296296
2 0.51145834 0.82592595 0.3625 0.34074074
