2 0.069270834 0.7037037 0.13645834 0.17962962
2 0.1875 0.69953704 0.110416666 0.11203704
2 0.26458332 0.68333334 0.07083333 0.083333336
2 0.29765624 0.6824074 0.0390625 0.06666667
2 0.32890624 0.67777777 0.033854168 0.05740741
2 0.35625 0.67777777 0.029166667 0.04074074
2 0.409375 0.6782407 0.026041666 0.032407407
2 0.45807293 0.67546296 0.050520834 0.08240741
1 0.51484376 0.6861111 0.021354167 0.07777778
1 0.5473958 0.6865741 0.016666668 0.0787037
2 0.56953126 0.6805556 0.040104166 0.046296295
2 0.64427084 0.71018517 0.090625 0.1037037
2 0.6067708 0.69953704 0.055208333 0.0787037
0 0.75989586 0.69398147 0.019791666 0.08981481
2 0.9091146 0.8162037 0.1796875 0.31944445
