4 0.2109375 0.46157408 0.153125 0.08796296
3 0.28333333 0.44398147 0.140625 0.08611111
2 0.6703125 0.42962962 0.09791667 0.06111111
4 0.7242187 0.41435185 0.1234375 0.08240741
2 0.8911458 0.662963 0.1875 0.094444446
2 0.7291667 0.63148147 0.047916666 0.02962963
2 0.5549479 0.65555555 0.106770836 0.06851852
2 0.42083332 0.64444447 0.051041666 0.06111111
2 0.48958334 0.625 0.009375 0.011111111
2 0.48255208 0.61851853 0.009895833 0.022222223
2 0.34765625 0.65 0.034895834 0.048148148
2 0.3765625 0.6375 0.019791666 0.030555556
2 0.3875 0.63703704 0.016666668 0.025925925
