2 0.2140625 0.72962964 0.17395833 0.19444445
2 0.2721354 0.61296296 0.0671875 0.046296295
2 0.3546875 0.64074075 0.06666667 0.09074074
2 0.35859376 0.59212965 0.0328125 0.026851851
3 0.37604168 0.59166664 0.032291666 0.055555556
1 0.3984375 0.60462964 0.008333334 0.037037037
3 0.4375 0.58518517 0.0125 0.018518519
3 0.48541668 0.6037037 0.06979167 0.18518518
2 0.8440104 0.7652778 0.21197917 0.22314815
2 0.6955729 0.69027776 0.102604166 0.13611111
2 0.64270836 0.6643519 0.072916664 0.10277778
2 0.60807294 0.6472222 0.0546875 0.07962963
2 0.5859375 0.63472223 0.042708334 0.06574074
2 0.5703125 0.6212963 0.041666668 0.06481481
2 0.5546875 0.61944443 0.026041666 0.046296295
2 0.5528646 0.6097222 0.031770833 0.05648148
2 0.53541666 0.6032407 0.028125 0.043518517
2 0.5216146 0.59768516 0.011979166 0.023148147
