3 0.896875 0.675 0.104166664 0.07777778
3 0.95208335 0.67453706 0.07083333 0.062037036
2 0.6765625 0.7347222 0.1875 0.23055555
2 0.4296875 0.7972222 0.3 0.40555555
2 0.17864583 0.6884259 0.10520833 0.11574074
1 0.29869792 0.67546296 0.0078125 0.025
1 0.27578124 0.67546296 0.0078125 0.023148147
1 0.115885414 0.65925926 0.015104166 0.035185184
1 0.079166666 0.65185183 0.013541667 0.037037037
2 0.10338542 0.6625 0.019270834 0.017592592
0 0.7789062 0.6861111 0.0109375 0.053703703
2 0.7872396 0.68333334 0.036979165 0.035185184
