0 0.19140625 0.57685184 0.0109375 0.055555556
1 0.27604166 0.5939815 0.015625 0.062037036
1 0.25989583 0.59768516 0.017708333 0.075
1 0.34192708 0.6032407 0.013020833 0.041666668
4 0.41901043 0.5541667 0.1171875 0.25277779
1 0.5104167 0.6125 0.016666668 0.073148146
0 0.6091146 0.6037037 0.0078125 0.055555556
0 0.6302083 0.6037037 0.010416667 0.05740741
0 0.59296876 0.6041667 0.0078125 0.047222223
0 0.5609375 0.6074074 0.010416667 0.044444446
0 0.48255208 0.6125 0.0078125 0.041666668
0 0.6171875 0.6078704 0.008333334 0.041666668
