0 0.9653646 0.6398148 0.031770833 0.13518518
1 0.43671876 0.6925926 0.018229166 0.085185185
1 0.41796875 0.68472224 0.0078125 0.036111113
1 0.40052083 0.6912037 0.021875 0.07685185
2 0.3640625 0.6875 0.032291666 0.04537037
0 0.34010416 0.6824074 0.00625 0.042592593
2 0.31145832 0.6865741 0.026041666 0.039814815
2 0.28046876 0.6759259 0.0609375 0.072222225
0 0.22526042 0.6824074 0.0067708334 0.053703703
2 0.140625 0.6787037 0.052083332 0.055555556
2 0.086979166 0.67546296 0.0625 0.06574074
2 0.029427083 0.6736111 0.0578125 0.08055556
1 0.01328125 0.69398147 0.024479168 0.13981481
