1 0.012760417 0.67407405 0.025520833 0.107407406
1 0.053645834 0.6722222 0.04375 0.09259259
1 0.073177084 0.67546296 0.036979165 0.08981481
1 0.0890625 0.6800926 0.036458332 0.106481485
1 0.15208334 0.68425924 0.030208332 0.09259259
0 0.2809896 0.69074076 0.016145833 0.10925926
2 0.328125 0.712037 0.10625 0.12407407
2 0.41015625 0.70416665 0.046354167 0.06759259
2 0.4328125 0.7 0.03125 0.05
2 0.6742188 0.7347222 0.14322917 0.20092593
2 0.8221354 0.7439815 0.15260416 0.16018519
1 0.8950521 0.74351853 0.0359375 0.085185185
2 0.56640625 0.712963 0.0390625 0.053703703
2 0.5408854 0.6990741 0.027604166 0.05185185
1 0.203125 0.6884259 0.017708333 0.060185187
