2 0.046354167 0.65324074 0.067708336 0.08055556
2 0.3046875 0.6643519 0.063541666 0.073148146
2 0.40729168 0.66064817 0.039583333 0.041666668
2 0.44635418 0.6513889 0.040625 0.043518517
2 0.4690104 0.64768517 0.0140625 0.021296296
2 0.48515624 0.650463 0.0140625 0.021296296
2 0.51770836 0.65416664 0.044791665 0.028703704
2 0.5625 0.6550926 0.013541667 0.017592592
2 0.6231771 0.66481483 0.052604165 0.02962963
2 0.5921875 0.6564815 0.014583333 0.02037037
2 0.66796875 0.6643519 0.018229166 0.019444445
3 0.64192706 0.4611111 0.15260416 0.096296296
2 0.28671876 0.49814814 0.053645834 0.044444446
