0 0.03828125 0.59907407 0.018229166 0.09259259
0 0.8153646 0.6180556 0.013020833 0.0712963
0 0.7835938 0.62083334 0.0203125 0.08611111
0 0.6424479 0.60555553 0.0078125 0.037037037
2 0.5190104 0.6064815 0.0296875 0.037037037
2 0.4125 0.60231483 0.017708333 0.025
2 0.43567708 0.5935185 0.009895833 0.014814815
2 0.453125 0.5935185 0.009375 0.0129629625
2 0.46979168 0.59444445 0.011458334 0.016666668
2 0.48645833 0.59537035 0.010416667 0.014814815
2 0.49505207 0.59074074 0.013020833 0.0129629625
0 0.35729167 0.59675926 0.0052083335 0.026851851
0 0.5890625 0.6027778 0.0052083335 0.025925925
