4 0.1875 0.5587963 0.33645833 0.48981482
2 0.4533854 0.6675926 0.0765625 0.1037037
4 0.33307293 0.60925925 0.1015625 0.18333334
2 0.38333333 0.6388889 0.03125 0.05
4 0.37890625 0.62222224 0.041145835 0.1
0 0.5138021 0.6296296 0.0067708334 0.02962963
0 0.50703126 0.62685186 0.0046875 0.031481482
1 0.5239583 0.65 0.015625 0.07037037
1 0.5697917 0.662963 0.021875 0.10555556
1 0.67578125 0.7013889 0.069270834 0.21018519
0 0.79765624 0.6625 0.0265625 0.16203703
1 0.8460938 0.72962964 0.0890625 0.31296295
0 0.71302086 0.6490741 0.016666668 0.1
