2 0.77994794 0.67685187 0.122395836 0.1388889
2 0.6734375 0.6550926 0.079166666 0.08240741
3 0.6546875 0.65231484 0.30208334 0.27685186
2 0.49427083 0.63148147 0.034375 0.042592593
2 0.47864583 0.6236111 0.021875 0.03425926
3 0.46145833 0.5935185 0.03125 0.083333336
3 0.43385416 0.6027778 0.019791666 0.035185184
2 0.39166668 0.61388886 0.011458334 0.018518519
2 0.41197917 0.60925925 0.011458334 0.02037037
3 0.3859375 0.60925925 0.009375 0.024074074
3 0.25390625 0.62083334 0.0296875 0.050925925
3 0.28229168 0.6125 0.045833334 0.041666668
3 0.39739582 0.6037037 0.008333334 0.018518519
