0 0.015104166 0.6824074 0.029166667 0.11851852
1 0.08046875 0.69027776 0.036979165 0.121296294
1 0.11796875 0.6782407 0.025520833 0.09166667
1 0.17473958 0.6912037 0.049479168 0.13796297
0 0.20494792 0.67638886 0.0203125 0.09166667
2 0.2580729 0.650463 0.036979165 0.05462963
2 0.3346354 0.66712964 0.049479168 0.075
0 0.29322916 0.69027776 0.046875 0.1712963
0 0.35364583 0.6824074 0.048958335 0.17777778
0 0.38177082 0.6912037 0.035416666 0.16574074
0 0.40911457 0.7138889 0.038020834 0.11111111
0 0.409375 0.6898148 0.038541667 0.15925926
0 0.4375 0.6796296 0.013541667 0.087037034
0 0.44765624 0.6759259 0.025520833 0.096296296
0 0.55677086 0.6837963 0.026041666 0.075
0 0.55104166 0.6736111 0.016666668 0.097222224
2 0.6294271 0.662037 0.034895834 0.06111111
0 0.6736979 0.7662037 0.052604165 0.25648147
0 0.6880208 0.73703706 0.059375 0.29444444
0 0.9471354 0.7416667 0.033854168 0.21481481
0 0.96510416 0.72407407 0.040625 0.23888889
0 0.8403646 0.6791667 0.015104166 0.08425926
2 0.3044271 0.66018516 0.055729166 0.06666667
2 0.37291667 0.66712964 0.036458332 0.058333334
2 0.61848956 0.66064817 0.0296875 0.047222223
