2 0.9546875 0.7027778 0.08958333 0.05925926
1 0.8851563 0.71574074 0.047395833 0.12962963
0 0.73828125 0.6888889 0.018229166 0.09259259
0 0.6984375 0.68101853 0.011458334 0.050925925
4 0.6255208 0.6412037 0.10104167 0.16574074
2 0.53541666 0.7125 0.125 0.18055555
2 0.49791667 0.6782407 0.08020833 0.13611111
2 0.45494792 0.64537036 0.0140625 0.018518519
2 0.44114584 0.64166665 0.010416667 0.016666668
2 0.4216146 0.6462963 0.013020833 0.02037037
3 0.4125 0.6351852 0.019791666 0.044444446
2 0.4125 0.6462963 0.015625 0.027777778
2 0.39947918 0.649537 0.019791666 0.028703704
2 0.35546875 0.67638886 0.09427083 0.121296294
2 0.31458333 0.65 0.03125 0.035185184
4 0.34791666 0.6310185 0.042708334 0.058333334
0 0.82890624 0.6925926 0.015104166 0.074074075
