2 0.057291668 0.6009259 0.114583336 0.19629629
2 0.1453125 0.60231483 0.109375 0.117592596
2 0.20130208 0.59768516 0.071354166 0.08981481
1 0.265625 0.5902778 0.010416667 0.041666668
2 0.32239583 0.59166664 0.029166667 0.037037037
2 0.37760416 0.58935183 0.01875 0.025
3 0.409375 0.58287036 0.021875 0.03425926
2 0.41145834 0.59814817 0.027083334 0.037037037
2 0.43307292 0.58935183 0.036979165 0.023148147
1 0.44427082 0.59537035 0.009375 0.027777778
2 0.63671875 0.6018519 0.044270832 0.04074074
2 0.7864583 0.6319444 0.096875 0.08425926
