1 0.2875 0.6888889 0.03125 0.10925926
2 0.32291666 0.62222224 0.020833334 0.022222223
1 0.32916668 0.6412037 0.017708333 0.032407407
1 0.36536458 0.66157407 0.0140625 0.05648148
1 0.3578125 0.66481483 0.017708333 0.062962964
1 0.3859375 0.6458333 0.010416667 0.036111113
2 0.50390625 0.63148147 0.013020833 0.022222223
2 0.51484376 0.66712964 0.0390625 0.058333334
2 0.53203124 0.6342593 0.018229166 0.025925925
2 0.5502604 0.6324074 0.0140625 0.02037037
2 0.8822917 0.7740741 0.234375 0.33888888
4 0.65208334 0.63148147 0.13541667 0.21481481
2 0.5875 0.6703704 0.04375 0.06481481
2 0.5755208 0.649537 0.044791665 0.0787037
