1 0.71223956 0.65185183 0.043229166 0.12037037
2 0.5002604 0.6351852 0.043229166 0.048148148
2 0.4533854 0.6726852 0.0953125 0.15092592
2 0.011458334 0.650463 0.022916667 0.12314815
0 0.08359375 0.63148147 0.005729167 0.025925925
0 0.10208333 0.6287037 0.00625 0.02962963
0 0.11744792 0.6287037 0.005729167 0.033333335
0 0.110677086 0.6333333 0.0067708334 0.02037037
1 0.14453125 0.6351852 0.0109375 0.042592593
2 0.20885417 0.6375 0.048958335 0.049074072
4 0.2809896 0.6078704 0.053645834 0.0712963
2 0.3203125 0.6287037 0.027083334 0.037037037
2 0.33489582 0.62824076 0.01875 0.028703704
2 0.35364583 0.62916666 0.01875 0.026851851
2 0.36979166 0.63055557 0.015625 0.02037037
2 0.3796875 0.6287037 0.019791666 0.024074074
2 0.39270833 0.6300926 0.013541667 0.021296296
4 0.4294271 0.61064816 0.056770835 0.08055556
