1 0.9091146 0.61944443 0.065104164 0.11296296
2 0.9398438 0.59675926 0.118229166 0.11574074
2 0.83958334 0.60462964 0.11666667 0.07777778
2 0.72786456 0.61944443 0.13802083 0.08148148
2 0.6674479 0.6111111 0.0921875 0.05740741
1 0.54557294 0.61064816 0.038020834 0.058333334
3 0.51875 0.5773148 0.059375 0.11018518
2 0.42708334 0.61157405 0.115625 0.075
0 0.321875 0.60601854 0.008333334 0.049074072
1 0.13229166 0.63148147 0.07395833 0.12407407
2 0.09609375 0.6148148 0.1328125 0.08888889
0 0.18489583 0.6111111 0.0072916667 0.042592593
0 0.17916666 0.60833335 0.0072916667 0.042592593
