2 0.041666668 0.6875 0.083333336 0.2787037
1 0.23958333 0.6824074 0.030208332 0.06851852
2 0.37317708 0.6791667 0.050520834 0.05648148
2 0.40911457 0.6675926 0.0484375 0.05925926
3 0.4377604 0.64768517 0.07447917 0.06759259
2 0.5075521 0.65416664 0.028645834 0.043518517
2 0.57109374 0.65462965 0.0265625 0.033333335
2 0.58984375 0.65 0.018229166 0.024074074
1 0.54895836 0.6550926 0.010416667 0.025
2 0.6166667 0.65787035 0.025 0.043518517
2 0.64765626 0.6490741 0.016145833 0.027777778
2 0.66536456 0.65 0.0171875 0.025925925
1 0.67317706 0.6611111 0.008854167 0.046296295
1 0.62916666 0.67638886 0.023958333 0.08981481
2 0.7111979 0.6800926 0.091145836 0.09537037
