0 0.98515624 0.7523148 0.027604166 0.18611111
1 0.6893229 0.76296294 0.041145835 0.19259259
2 0.48802084 0.7115741 0.019791666 0.026851851
2 0.471875 0.7074074 0.011458334 0.018518519
2 0.45885417 0.7115741 0.022916667 0.03425926
2 0.42005208 0.71018517 0.019270834 0.02962963
2 0.38203126 0.7351852 0.0859375 0.107407406
2 0.33229166 0.7199074 0.06458333 0.06388889
2 0.26145834 0.71018517 0.09375 0.13333334
2 0.18880208 0.7351852 0.11510417 0.13148148
0 0.17317708 0.7268519 0.040104166 0.19629629
2 0.08046875 0.7375 0.1578125 0.21574074
