2 0.058333334 0.6537037 0.11666667 0.18333334
2 0.09791667 0.63148147 0.077083334 0.09259259
2 0.2109375 0.6212963 0.052083332 0.06851852
2 0.24375 0.6240741 0.051041666 0.075925924
2 0.29192707 0.6375 0.08385417 0.108333334
2 0.3203125 0.6287037 0.054166667 0.085185185
2 0.3375 0.6226852 0.040625 0.07685185
2 0.39348957 0.6018519 0.011979166 0.018518519
2 0.41223958 0.6157407 0.027604166 0.035185184
2 0.43567708 0.6097222 0.0234375 0.036111113
2 0.47578126 0.6328704 0.06302083 0.08796296
2 0.8888021 0.65231484 0.22135417 0.22314815
