0 0.7828125 0.6773148 0.016666668 0.07685185
1 0.48125 0.68935186 0.0072916667 0.028703704
1 0.4700521 0.6884259 0.005729167 0.021296296
2 0.45807293 0.68564814 0.0078125 0.012037037
2 0.45 0.6875 0.0125 0.017592592
2 0.43671876 0.6865741 0.0140625 0.023148147
2 0.41875 0.68796295 0.013541667 0.018518519
2 0.38203126 0.69074076 0.025520833 0.031481482
2 0.3361979 0.69398147 0.036979165 0.041666668
2 0.29322916 0.6837963 0.060416665 0.0787037
1 0.21041666 0.7027778 0.034375 0.10555556
0 0.1609375 0.68194443 0.013541667 0.075
2 0.15182291 0.6851852 0.0640625 0.062962964
2 0.086979166 0.6824074 0.07083333 0.07777778
2 0.0265625 0.6787037 0.053125 0.08888889
