1 0.50078124 0.60833335 0.015104166 0.044444446
2 0.44244793 0.60694444 0.040104166 0.062037036
3 0.359375 0.57824075 0.019791666 0.043518517
2 0.34296876 0.5856481 0.019270834 0.032407407
3 0.33307293 0.5703704 0.0203125 0.037037037
2 0.31744793 0.58148146 0.0140625 0.02037037
2 0.30963543 0.5740741 0.011979166 0.018518519
2 0.29869792 0.57222223 0.015104166 0.022222223
2 0.2903646 0.5675926 0.0140625 0.018518519
3 0.278125 0.56296295 0.020833334 0.024074074
2 0.26041666 0.56898147 0.009375 0.013888889
3 0.25286457 0.55972224 0.011979166 0.026851851
2 0.209375 0.55833334 0.014583333 0.011111111
2 0.2421875 0.56527776 0.008333334 0.013888889
4 0.23723958 0.5601852 0.013020833 0.022222223
0 0.9799479 0.69398147 0.0359375 0.17685185
