2 0.8127604 0.68703705 0.21822916 0.12592593
1 0.70989585 0.6587963 0.027083334 0.08240741
1 0.69166666 0.64537036 0.030208332 0.083333336
1 0.653125 0.6398148 0.019791666 0.083333336
0 0.64635414 0.6273148 0.011458334 0.062037036
1 0.6216146 0.62453705 0.011979166 0.060185187
0 0.60625 0.62083334 0.011458334 0.06759259
1 0.5971354 0.6199074 0.009895833 0.050925925
2 0.54895836 0.59212965 0.022916667 0.03425926
2 0.521875 0.60555553 0.023958333 0.037037037
2 0.5023438 0.5962963 0.021354167 0.02962963
2 0.5033854 0.62916666 0.043229166 0.060185187
2 0.47760418 0.61527777 0.033333335 0.047222223
2 0.4700521 0.59814817 0.025520833 0.035185184
2 0.45104167 0.6180556 0.039583333 0.06574074
2 0.4140625 0.6050926 0.033333335 0.039814815
2 0.39244792 0.6101852 0.0296875 0.04074074
2 0.37291667 0.6148148 0.045833334 0.062962964
2 0.3390625 0.6226852 0.05625 0.0712963
2 0.30104166 0.6226852 0.042708334 0.05648148
2 0.27421874 0.6467593 0.084895834 0.08611111
2 0.26145834 0.59537035 0.06666667 0.1
2 0.2421875 0.6310185 0.067708336 0.075
0 0.1640625 0.65787035 0.029166667 0.14166667
2 0.12786458 0.64444447 0.1046875 0.07777778
0 0.06692708 0.6041667 0.009895833 0.060185187
0 0.05859375 0.58981484 0.008854167 0.037037037
0 0.04609375 0.6162037 0.013020833 0.06388889
0 0.013541667 0.6125 0.013541667 0.06759259
0 0.0072916667 0.6398148 0.014583333 0.085185185
2 0.100520834 0.76666665 0.19479166 0.24074075
2 0.44036457 0.8296296 0.38177082 0.33888888
