2 0.07395833 0.6976852 0.14791666 0.60462964
2 0.23046875 0.6657407 0.08177083 0.08148148
2 0.2955729 0.6560185 0.038020834 0.050925925
2 0.34375 0.6884259 0.125 0.14537036
4 0.365625 0.61851853 0.12708333 0.1537037
2 0.43046874 0.65231484 0.013020833 0.023148147
2 0.43932292 0.6513889 0.0140625 0.025
2 0.45416668 0.6550926 0.017708333 0.032407407
2 0.47916666 0.66805553 0.044791665 0.062037036
2 0.5015625 0.6597222 0.022916667 0.043518517
2 0.9721354 0.6884259 0.055729166 0.049074072
2 0.8934896 0.6824074 0.06614583 0.053703703
2 0.8575521 0.6861111 0.07447917 0.053703703
1 0.6565104 0.69027776 0.0203125 0.05277778
