1 0.7270833 0.79305553 0.03125 0.09166667
4 0.740625 0.7412037 0.10208333 0.106481485
4 0.6510417 0.7439815 0.063541666 0.08425926
1 0.48932293 0.75972223 0.0078125 0.036111113
4 0.47291666 0.74444443 0.033333335 0.053703703
4 0.43229166 0.7449074 0.027083334 0.039814815
2 0.4138021 0.7731481 0.053645834 0.07777778
0 0.36822918 0.75 0.009375 0.042592593
3 0.36223957 0.725463 0.0109375 0.025
2 0.33880207 0.7347222 0.011979166 0.019444445
2 0.31979167 0.74444443 0.017708333 0.022222223
2 0.30104166 0.7287037 0.015625 0.025925925
4 0.27838543 0.72268516 0.031770833 0.039814815
2 0.22265625 0.7277778 0.031770833 0.053703703
2 0.14010416 0.75 0.08541667 0.096296296
