3 0.9195312 0.71574074 0.15989584 0.5685185
2 0.75390625 0.69861114 0.23072916 0.3398148
2 0.66770834 0.62222224 0.067708336 0.053703703
1 0.60286456 0.61064816 0.009895833 0.036111113
5 0.5835937 0.6125 0.018229166 0.04537037
2 0.5648438 0.6097222 0.0390625 0.03425926
2 0.5484375 0.6199074 0.0375 0.060185187
2 0.5210937 0.8055556 0.17447917 0.2851852
2 0.50416666 0.6662037 0.075 0.09907407
2 0.50390625 0.63055557 0.052604165 0.08148148
4 0.4609375 0.5875 0.009375 0.015740741
2 0.45885417 0.5962963 0.011458334 0.016666668
2 0.44635418 0.599537 0.013541667 0.021296296
2 0.43932292 0.599537 0.0171875 0.030555556
2 0.43229166 0.6037037 0.017708333 0.02962963
2 0.4171875 0.60601854 0.029166667 0.047222223
3 0.409375 0.5875 0.021875 0.041666668
2 0.3919271 0.6032407 0.021354167 0.028703704
2 0.33515626 0.6199074 0.0484375 0.05648148
2 0.26171875 0.5800926 0.034895834 0.028703704
2 0.27630207 0.58194447 0.041145835 0.026851851
2 0.22317709 0.5810185 0.0328125 0.028703704
2 0.19375 0.5800926 0.034375 0.030555556
2 0.14947917 0.5796296 0.03125 0.02962963
2 0.118229166 0.5763889 0.03125 0.028703704
2 0.08984375 0.57546294 0.0328125 0.026851851
2 0.05703125 0.57453704 0.0359375 0.028703704
1 0.015885416 0.6050926 0.031770833 0.05277778
0 0.01640625 0.59675926 0.013020833 0.06759259
