0 0.56666666 0.74444443 0.052083332 0.24259259
0 0.5799479 0.7097222 0.0546875 0.28796297
2 0.5122396 0.6921296 0.32760417 0.24351852
1 0.26067707 0.7125 0.1234375 0.25092593
0 0.8049479 0.72175926 0.065104164 0.25648147
0 0.78046876 0.7439815 0.055729166 0.19166666
0 0.8882812 0.7953704 0.071354166 0.26296297
0 0.89713544 0.7449074 0.09739583 0.33055556
0 0.8578125 0.76805556 0.057291668 0.21018519
0 0.95703125 0.7652778 0.040104166 0.22870371
0 0.93619794 0.7300926 0.0390625 0.25092593
0 0.30859375 0.6773148 0.015104166 0.08240741
0 0.109375 0.6875 0.036458332 0.18611111
0 0.039583333 0.7287037 0.047916666 0.22592592
0 0.017447917 0.70694447 0.034895834 0.28611112
0 0.08567708 0.68472224 0.0171875 0.13055556
0 0.063541666 0.69074076 0.023958333 0.12037037
0 0.1875 0.6824074 0.020833334 0.07037037
0 0.19192709 0.675 0.011979166 0.085185185
2 0.3049479 0.65694445 0.041145835 0.058333334
2 0.35052082 0.66157407 0.041666668 0.0712963
0 0.3669271 0.67777777 0.0171875 0.10185185
0 0.33385417 0.68472224 0.020833334 0.08796296
0 0.32630208 0.67546296 0.021354167 0.097222224
0 0.42265624 0.6666667 0.0140625 0.11481482
0 0.41197917 0.66851854 0.016666668 0.09259259
2 0.6664063 0.6759259 0.027604166 0.07777778
1 0.715625 0.6759259 0.015625 0.074074075
0 0.70442706 0.6722222 0.0171875 0.087037034
0 0.8286458 0.6837963 0.01875 0.10462963
3 0.9635417 0.65324074 0.072916664 0.2175926
