0 0.8872396 0.67638886 0.011979166 0.060185187
0 0.8744792 0.675 0.0125 0.062962964
2 0.85364586 0.68796295 0.094791666 0.06481481
1 0.7265625 0.7023148 0.035416666 0.119444445
2 0.6190104 0.68425924 0.091145836 0.087037034
2 0.52708334 0.7601852 0.19479166 0.29814816
2 0.43828124 0.6634259 0.024479168 0.036111113
4 0.40546876 0.6513889 0.015104166 0.028703704
2 0.39635417 0.662037 0.016666668 0.024074074
2 0.30234376 0.6949074 0.1578125 0.20833333
2 0.16510417 0.662037 0.083333336 0.085185185
2 0.031770833 0.6800926 0.063541666 0.12685186
