0 0.76979166 0.6703704 0.020833334 0.08148148
1 0.45234376 0.68796295 0.013020833 0.044444446
1 0.44114584 0.68333334 0.009375 0.042592593
1 0.43072918 0.68101853 0.008333334 0.032407407
2 0.41822916 0.6791667 0.009375 0.013888889
2 0.40989584 0.67777777 0.010416667 0.016666668
2 0.37916666 0.68101853 0.013541667 0.019444445
2 0.34583333 0.68425924 0.036458332 0.05185185
2 0.30234376 0.68703705 0.0328125 0.04074074
2 0.26328126 0.67638886 0.0546875 0.07685185
0 0.17005208 0.6759259 0.008854167 0.046296295
2 0.12838541 0.67777777 0.053645834 0.05925926
2 0.07083333 0.67546296 0.075 0.06944445
2 0.02109375 0.6736111 0.040104166 0.08611111
