3 0.7997396 0.65324074 0.3984375 0.20833333
1 0.5395833 0.67083335 0.008333334 0.03425926
1 0.5335938 0.6652778 0.0078125 0.026851851
2 0.49505207 0.65462965 0.0078125 0.0129629625
2 0.4856771 0.65694445 0.011979166 0.019444445
3 0.44322917 0.64166665 0.019791666 0.03888889
2 0.42682293 0.65555555 0.013020833 0.02037037
2 0.3984375 0.662963 0.019791666 0.025925925
2 0.3747396 0.6638889 0.0234375 0.035185184
2 0.36119792 0.6652778 0.028645834 0.041666668
2 0.340625 0.66944444 0.033333335 0.04074074
2 0.315625 0.67175925 0.038541667 0.049074072
2 0.30078125 0.67314816 0.047395833 0.05740741
4 0.178125 0.64398146 0.10729167 0.11574074
2 0.09947917 0.70092595 0.19791667 0.16481481
