1 0.30260417 0.63935184 0.019791666 0.03425926
2 0.38880208 0.6412037 0.025520833 0.03425926
2 0.4265625 0.6287037 0.010416667 0.016666668
2 0.4466146 0.62916666 0.009895833 0.013888889
2 0.46484375 0.6296296 0.0109375 0.016666668
2 0.48255208 0.6296296 0.0109375 0.016666668
2 0.5101563 0.6412037 0.027604166 0.036111113
0 0.671875 0.6412037 0.008333334 0.043518517
0 0.92395836 0.6462963 0.016666668 0.096296296
0 0.93958336 0.66481483 0.026041666 0.12777779
0 0.33958334 0.6337963 0.0072916667 0.030555556
0 0.59947914 0.63796294 0.00625 0.02962963
