0 0.013020833 0.6898148 0.023958333 0.23888889
0 0.0390625 0.68564814 0.053125 0.25092593
2 0.09609375 0.7060185 0.15052083 0.14351852
0 0.13385417 0.6949074 0.034375 0.15462963
0 0.15755208 0.69953704 0.030729167 0.15462963
2 0.19921875 0.6935185 0.084895834 0.107407406
2 0.26145834 0.6875 0.067708336 0.08425926
2 0.3361979 0.6675926 0.06614583 0.083333336
2 0.4015625 0.6662037 0.040625 0.032407407
0 0.39348957 0.6722222 0.011979166 0.05185185
2 0.4841146 0.70324075 0.14010416 0.2324074
2 0.5317708 0.6898148 0.06666667 0.13148148
3 0.6231771 0.6467593 0.055729166 0.047222223
1 0.59947914 0.6722222 0.01875 0.062962964
1 0.6247396 0.66805553 0.0203125 0.06944445
0 0.6388021 0.6736111 0.011979166 0.05648148
0 0.74583334 0.65833336 0.014583333 0.072222225
0 0.7291667 0.66018516 0.019791666 0.06481481
0 0.7057292 0.66157407 0.011458334 0.05277778
0 0.6908854 0.65833336 0.0171875 0.07962963
0 0.79895836 0.6527778 0.0125 0.05185185
4 0.81640625 0.6273148 0.0671875 0.050925925
0 0.90833336 0.6666667 0.033333335 0.14444445
0 0.9611979 0.74027777 0.075520836 0.40833333
