1 0.07083333 0.6796296 0.06666667 0.20185184
1 0.2971354 0.65925926 0.0390625 0.12407407
1 0.33489582 0.64166665 0.010416667 0.046296295
2 0.36536458 0.6324074 0.019270834 0.014814815
1 0.453125 0.649537 0.0375 0.062037036
0 0.50208336 0.70416665 0.045833334 0.275
2 0.5278646 0.6736111 0.102604166 0.10462963
1 0.5861979 0.6837963 0.080729164 0.15277778
0 0.6223958 0.7087963 0.07395833 0.25277779
0 0.7421875 0.72268516 0.07395833 0.2324074
2 0.76953125 0.65462965 0.1546875 0.12962963
2 0.9789063 0.68935186 0.0421875 0.06388889
