3 0.2 0.6865741 0.215625 0.25092593
3 0.37421876 0.66018516 0.11510417 0.15185185
2 0.32395834 0.6912037 0.05 0.05277778
2 0.46354166 0.7259259 0.13125 0.20925926
2 0.5315104 0.68935186 0.030729167 0.036111113
1 0.6484375 0.70416665 0.022916667 0.097222224
2 0.5934896 0.68935186 0.0515625 0.036111113
0 0.8617188 0.68101853 0.022395832 0.09351852
0 0.92838544 0.69074076 0.0234375 0.11111111
0 0.8872396 0.6935185 0.022395832 0.11296296
0 0.8466146 0.68703705 0.022395832 0.098148145
3 0.53125 0.66157407 0.05 0.047222223
