2 0.15807292 0.61435187 0.102604166 0.09351852
2 0.24244791 0.62824076 0.1171875 0.121296294
2 0.3 0.6064815 0.058333334 0.072222225
2 0.38984376 0.6490741 0.16614583 0.2574074
3 0.5002604 0.5703704 0.0546875 0.1388889
0 0.49322918 0.62916666 0.01875 0.13055556
2 0.5755208 0.6564815 0.110416666 0.14814815
3 0.6078125 0.6189815 0.13333334 0.1712963
2 0.7604167 0.6388889 0.092708334 0.096296296
2 0.8911458 0.6527778 0.1375 0.12407407
2 0.9734375 0.6574074 0.051041666 0.23888889
5 0.5161458 0.62546295 0.039583333 0.08425926
