2 0.71197915 0.724537 0.203125 0.20277777
2 0.60364586 0.6675926 0.115625 0.17222223
2 0.5375 0.6550926 0.041666668 0.06944445
3 0.53125 0.62453705 0.022916667 0.05277778
2 0.51145834 0.64444447 0.0125 0.022222223
2 0.4841146 0.65787035 0.0421875 0.06944445
3 0.48177084 0.6148148 0.021875 0.048148148
3 0.45807293 0.6263889 0.016145833 0.037962962
2 0.4533854 0.6402778 0.0140625 0.023148147
2 0.43385416 0.64444447 0.022916667 0.044444446
2 0.42369792 0.65324074 0.030729167 0.047222223
2 0.40052083 0.65833336 0.036458332 0.06481481
2 0.371875 0.6699074 0.0625 0.10092592
2 0.30859375 0.6875 0.12552084 0.15462963
1 0.24791667 0.65416664 0.011458334 0.041666668
2 0.10078125 0.73564816 0.20052083 0.525
