3 0.6903646 0.58981484 0.027604166 0.07037037
1 0.6546875 0.59768516 0.0052083335 0.026851851
2 0.64140624 0.58935183 0.018229166 0.025
2 0.5940104 0.599537 0.0203125 0.028703704
4 0.53984374 0.6064815 0.080729164 0.16296296
2 0.48125 0.61851853 0.039583333 0.048148148
2 0.43854168 0.60231483 0.033333335 0.039814815
2 0.38567707 0.60694444 0.034895834 0.032407407
2 0.3591146 0.59166664 0.034895834 0.027777778
2 0.33880207 0.6171296 0.050520834 0.05277778
3 0.26770833 0.60555553 0.088541664 0.07962963
2 0.18151042 0.64537036 0.1078125 0.083333336
1 0.14348958 0.5902778 0.0067708334 0.021296296
3 0.17682292 0.57685184 0.024479168 0.037037037
1 0.01875 0.59583336 0.008333334 0.028703704
