2 0.031510416 0.5671296 0.025520833 0.043518517
2 0.1078125 0.58518517 0.15208334 0.07962963
2 0.15703125 0.587963 0.10989583 0.074074075
0 0.18463542 0.5972222 0.0390625 0.1388889
1 0.234375 0.587963 0.034375 0.06111111
1 0.21536459 0.57453704 0.050520834 0.041666668
0 0.25286457 0.5842593 0.009895833 0.046296295
0 0.26328126 0.5837963 0.0078125 0.039814815
0 0.27109376 0.5796296 0.008854167 0.046296295
2 0.3828125 0.5962963 0.11875 0.1
2 0.42291668 0.66157407 0.15 0.22314815
0 0.54375 0.62222224 0.019791666 0.11296296
1 0.56119794 0.6 0.0265625 0.05
1 0.58203125 0.6013889 0.0328125 0.058333334
1 0.61848956 0.6125 0.055729166 0.097222224
2 0.65833336 0.6087963 0.104166664 0.06388889
0 0.8304688 0.625 0.0234375 0.10555556
3 0.8822917 0.5634259 0.23229167 0.15462963
