4 0.20885417 0.45509258 0.18020834 0.08796296
2 0.25677082 0.46388888 0.08020833 0.053703703
4 0.37578124 0.4486111 0.16927083 0.07685185
2 0.71796876 0.4300926 0.09947917 0.06574074
1 0.8177083 0.6675926 0.051041666 0.12407407
1 0.7013021 0.6467593 0.018229166 0.062037036
1 0.35364583 0.6537037 0.03125 0.06111111
2 0.3921875 0.6342593 0.015625 0.022222223
2 0.40234375 0.63148147 0.013020833 0.022222223
2 0.42135417 0.63148147 0.015625 0.025925925
2 0.46536458 0.62453705 0.0078125 0.012037037
2 0.5005208 0.62824076 0.011458334 0.017592592
1 0.5338542 0.63148147 0.0072916667 0.018518519
4 0.48932293 0.6212963 0.0067708334 0.014814815
