1 0.29791668 0.6180556 0.014583333 0.043518517
1 0.4919271 0.60925925 0.0078125 0.02962963
3 0.5328125 0.587963 0.025 0.06111111
2 0.5375 0.6087963 0.023958333 0.037962962
2 0.56953126 0.60833335 0.021354167 0.031481482
1 0.7104167 0.6287037 0.014583333 0.053703703
1 0.9481771 0.64166665 0.031770833 0.05185185
1 0.9820312 0.64166665 0.0359375 0.055555556
1 0.6330729 0.61203706 0.008854167 0.033333335
1 0.6174479 0.6097222 0.008854167 0.037962962
1 0.590625 0.59907407 0.0072916667 0.024074074
1 0.60234374 0.60694444 0.0078125 0.026851851
2 0.5453125 0.5925926 0.014583333 0.025925925
