2 0.059114583 0.71435183 0.0890625 0.06574074
0 0.171875 0.7291667 0.010416667 0.06388889
0 0.1859375 0.7023148 0.009375 0.05277778
1 0.25104168 0.7138889 0.017708333 0.06666667
2 0.353125 0.7106481 0.034375 0.058333334
3 0.42786458 0.6462963 0.16822916 0.43148148
2 0.5044271 0.71712965 0.065104164 0.04537037
0 0.5755208 0.70694447 0.011458334 0.058333334
1 0.5875 0.7259259 0.021875 0.1037037
2 0.71796876 0.71666664 0.09739583 0.074074075
2 0.8046875 0.71018517 0.08645833 0.062962964
1 0.32447916 0.7083333 0.009375 0.044444446
