2 0.049479168 0.75185186 0.098958336 0.17592593
2 0.13515624 0.69861114 0.15364583 0.175
0 0.23932292 0.62453705 0.0140625 0.073148146
1 0.36328125 0.62824076 0.019270834 0.043518517
2 0.38463542 0.61435187 0.047395833 0.032407407
2 0.42473957 0.6050926 0.0171875 0.030555556
2 0.43046874 0.6013889 0.0203125 0.03425926
2 0.45234376 0.5972222 0.011979166 0.022222223
1 0.45911458 0.60462964 0.0078125 0.027777778
1 0.46614584 0.6125 0.009375 0.026851851
2 0.503125 0.62083334 0.059375 0.04537037
2 0.47473958 0.5962963 0.011979166 0.016666668
2 0.503125 0.59444445 0.01875 0.02037037
2 0.56380206 0.6009259 0.050520834 0.04074074
2 0.6296875 0.6333333 0.09375 0.107407406
2 0.690625 0.6388889 0.13020833 0.09259259
2 0.753125 0.6310185 0.1375 0.08611111
4 0.73828125 0.5949074 0.22447917 0.12685186
2 0.8278646 0.63148147 0.09739583 0.07037037
4 0.94895834 0.5833333 0.10104167 0.11666667
