0 0.9828125 0.6865741 0.023958333 0.12314815
2 0.85364586 0.74351853 0.19479166 0.21481481
2 0.76770836 0.6967593 0.1 0.15833333
2 0.6252604 0.7106481 0.1515625 0.25648147
2 0.97734374 0.87222224 0.043229166 0.25555557
1 0.07734375 0.68703705 0.0484375 0.098148145
1 0.13515624 0.6824074 0.021354167 0.07777778
0 0.12994792 0.6666667 0.0140625 0.07037037
0 0.15416667 0.6712963 0.0125 0.072222225
1 0.22265625 0.67453706 0.0171875 0.08425926
2 0.22447917 0.6773148 0.096875 0.06574074
1 0.32213542 0.6736111 0.0171875 0.05462963
1 0.3140625 0.6703704 0.0125 0.053703703
1 0.2984375 0.6736111 0.0125 0.058333334
1 0.2859375 0.6722222 0.015625 0.062962964
0 0.25 0.6537037 0.008333334 0.046296295
2 0.43463543 0.6703704 0.043229166 0.046296295
2 0.46276042 0.6657407 0.031770833 0.042592593
2 0.5 0.66712964 0.036458332 0.05277778
2 0.48697916 0.66712964 0.020833334 0.03425926
1 0.5289062 0.6722222 0.036979165 0.07037037
2 0.5385417 0.662963 0.021875 0.04074074
2 0.553125 0.6634259 0.022916667 0.030555556
