3 0.057552084 0.6097222 0.11510417 0.108333334
2 0.17135416 0.63564813 0.094791666 0.062037036
2 0.2171875 0.63148147 0.060416665 0.05
2 0.2888021 0.6324074 0.044270832 0.053703703
3 0.8442708 0.62222224 0.07083333 0.1037037
0 0.83385414 0.61944443 0.021875 0.06666667
2 0.5122396 0.7115741 0.20572917 0.29722223
2 0.76875 0.68101853 0.17708333 0.18611111
2 0.6466146 0.63796294 0.059895832 0.08148148
4 0.5833333 0.6032407 0.032291666 0.07685185
1 0.02421875 0.64768517 0.0234375 0.058333334
2 0.50130206 0.59305555 0.080729164 0.119444445
0 0.26484376 0.6300926 0.009895833 0.030555556
