2 0.0515625 0.64074075 0.103125 0.08148148
1 0.10494792 0.6449074 0.036979165 0.073148146
1 0.19973959 0.65416664 0.034895834 0.058333334
1 0.29973957 0.65185183 0.013020833 0.062962964
1 0.34661457 0.65555555 0.0140625 0.05
1 0.36432293 0.6587963 0.0140625 0.04537037
1 0.35338542 0.6550926 0.0109375 0.050925925
1 0.38697916 0.65185183 0.015625 0.044444446
2 0.41614583 0.6458333 0.009375 0.036111113
2 0.40416667 0.64444447 0.016666668 0.027777778
2 0.4231771 0.64444447 0.0234375 0.02037037
2 0.4328125 0.6402778 0.019791666 0.019444445
2 0.47578126 0.6597222 0.036979165 0.047222223
2 0.49791667 0.6597222 0.027083334 0.043518517
2 0.509375 0.65185183 0.022916667 0.04074074
2 0.5289062 0.66064817 0.034895834 0.05462963
2 0.5445312 0.662963 0.022395832 0.03888889
2 0.55885416 0.66018516 0.01875 0.037037037
2 0.5658854 0.65694445 0.016145833 0.028703704
4 0.5669271 0.64444447 0.024479168 0.05925926
2 0.9486979 0.76064813 0.013020833 0.11388889
2 0.7169271 0.6703704 0.036979165 0.048148148
2 0.70729166 0.65555555 0.028125 0.044444446
2 0.6929687 0.6643519 0.019270834 0.032407407
2 0.6802083 0.6574074 0.01875 0.024074074
2 0.7875 0.6736111 0.047916666 0.047222223
2 0.75859374 0.66944444 0.027604166 0.03888889
2 0.7390625 0.6666667 0.023958333 0.04074074
1 0.9088542 0.6796296 0.022916667 0.05740741
1 0.9419271 0.67638886 0.0109375 0.039814815
1 0.9611979 0.6837963 0.013020833 0.032407407
1 0.97734374 0.68194443 0.011979166 0.04537037
