3 0.79895836 0.6273148 0.39895833 0.7416667
1 0.5609375 0.6634259 0.008333334 0.03425926
3 0.4856771 0.6458333 0.025520833 0.062037036
2 0.45833334 0.6759259 0.033333335 0.048148148
2 0.43984374 0.6652778 0.025520833 0.050925925
2 0.42369792 0.66805553 0.0140625 0.025
2 0.3893229 0.6759259 0.030729167 0.048148148
4 0.36953124 0.6800926 0.034895834 0.05277778
2 0.34869793 0.6782407 0.043229166 0.07685185
4 0.35755208 0.6490741 0.0421875 0.07777778
2 0.29296875 0.6875 0.080729164 0.108333334
2 0.22421876 0.7023148 0.118229166 0.14722222
2 0.33203125 0.68703705 0.06302083 0.08148148
2 0.09557292 0.7476852 0.1890625 0.24722221
