1 0.86875 0.6643519 0.038541667 0.06388889
1 0.77708334 0.6666667 0.057291668 0.085185185
1 0.7348958 0.6689815 0.055208333 0.08425926
1 0.6585938 0.6675926 0.0421875 0.075925924
1 0.5328125 0.662037 0.014583333 0.05740741
1 0.5174479 0.66064817 0.016145833 0.05648148
0 0.48541668 0.66018516 0.0125 0.06666667
2 0.43489584 0.6634259 0.078125 0.11018518
3 0.36614582 0.6134259 0.07395833 0.14166667
2 0.3268229 0.65787035 0.07447917 0.08240741
2 0.2877604 0.6259259 0.059895832 0.11111111
3 0.14244792 0.49953705 0.28072917 0.9916667
