2 0.020833334 0.6125 0.041666668 0.030555556
2 0.052604165 0.6097222 0.036458332 0.026851851
4 0.1328125 0.6018519 0.110416666 0.06666667
2 0.2390625 0.6199074 0.035416666 0.03425926
1 0.18932292 0.6212963 0.016145833 0.024074074
2 0.27265626 0.6365741 0.0734375 0.0787037
2 0.3122396 0.62546295 0.050520834 0.073148146
2 0.353125 0.6263889 0.011458334 0.019444445
2 0.3763021 0.6263889 0.0453125 0.028703704
2 0.47057292 0.6328704 0.0484375 0.026851851
2 0.540625 0.6365741 0.044791665 0.028703704
2 0.8309896 0.6773148 0.18385416 0.106481485
0 0.72734374 0.6472222 0.0078125 0.04074074
0 0.7348958 0.6398148 0.0072916667 0.046296295
3 0.8726562 0.6259259 0.17760417 0.14629629
