2 0.0109375 0.59212965 0.021875 0.047222223
2 0.12578125 0.60833335 0.0328125 0.042592593
2 0.16015625 0.6050926 0.024479168 0.036111113
3 0.1734375 0.58981484 0.03125 0.02962963
2 0.1796875 0.5986111 0.013541667 0.017592592
2 0.19192709 0.6018519 0.011979166 0.016666668
2 0.20807292 0.59907407 0.0171875 0.037037037
2 0.21692708 0.60833335 0.025520833 0.03888889
2 0.23489584 0.6009259 0.010416667 0.018518519
0 0.25286457 0.64537036 0.043229166 0.27037036
0 0.30416667 0.6773148 0.03125 0.11018518
0 0.34375 0.64398146 0.040625 0.16944444
0 0.35442707 0.61064816 0.019270834 0.09537037
2 0.40234375 0.60555553 0.053645834 0.05925926
2 0.42786458 0.62916666 0.07239583 0.108333334
2 0.50208336 0.60833335 0.078125 0.06851852
0 0.5005208 0.61527777 0.015625 0.08796296
0 0.5231771 0.61851853 0.013020833 0.09259259
0 0.565625 0.63703704 0.026041666 0.15185185
0 0.54479164 0.6574074 0.011458334 0.06111111
0 0.5953125 0.6375 0.035416666 0.14537036
0 0.60546875 0.599537 0.009895833 0.0787037
2 0.7921875 0.6287037 0.20208333 0.17407407
2 0.88671875 0.62777776 0.19322917 0.20555556
2 0.98046875 0.6513889 0.0390625 0.16574074
