2 0.9359375 0.6375 0.10520833 0.10462963
2 0.8414062 0.6550926 0.13072917 0.11574074
0 0.86067706 0.65555555 0.041145835 0.25185186
0 0.69166666 0.6300926 0.021875 0.106481485
2 0.5796875 0.6467593 0.190625 0.12685186
2 0.5026042 0.6300926 0.07083333 0.08796296
2 0.4127604 0.6111111 0.09322917 0.11111111
0 0.3752604 0.6273148 0.031770833 0.121296294
2 0.33125 0.62175924 0.07395833 0.09351852
0 0.27526042 0.6236111 0.022395832 0.10277778
0 0.265625 0.6226852 0.033333335 0.117592596
2 0.23854166 0.61388886 0.10729167 0.1037037
2 0.17135416 0.6125 0.098958336 0.097222224
0 0.16614583 0.6199074 0.01875 0.10277778
2 0.06666667 0.61851853 0.13020833 0.14814815
