1 0.6872396 0.7537037 0.0203125 0.07777778
3 0.6197917 0.7347222 0.078125 0.14351852
2 0.57161456 0.74444443 0.049479168 0.06481481
2 0.47760418 0.75324076 0.13854167 0.29537037
2 0.39453125 0.73703706 0.0421875 0.062962964
3 0.37708333 0.7037037 0.048958335 0.10555556
2 0.34609374 0.725 0.041145835 0.07037037
2 0.30911458 0.70694447 0.0703125 0.125
2 0.26770833 0.724537 0.044791665 0.062037036
2 0.2328125 0.72731483 0.038541667 0.05277778
2 0.19427083 0.72731483 0.06979167 0.0787037
2 0.10520833 0.7259259 0.17083333 0.20555556
