2 0.94375 0.69305557 0.10208333 0.058333334
2 0.8421875 0.6875 0.08958333 0.05462963
1 0.7716146 0.74953705 0.0890625 0.25833333
4 0.6153646 0.65185183 0.25572917 0.1425926
1 0.47395834 0.69027776 0.053125 0.08981481
2 0.4388021 0.6703704 0.019270834 0.035185184
3 0.39609376 0.65787035 0.0296875 0.06574074
2 0.35729167 0.67777777 0.023958333 0.027777778
1 0.28411457 0.69861114 0.044270832 0.18055555
1 0.13645834 0.72731483 0.22291666 0.38055557
2 0.22734375 0.67314816 0.1078125 0.072222225
2 0.19192709 0.68333334 0.13385417 0.06851852
2 0.13229166 0.6726852 0.096875 0.06759259
4 0.031770833 0.64768517 0.063541666 0.12314815
