2 0.18098958 0.70648146 0.2328125 0.24259259
2 0.047916666 0.6652778 0.09583333 0.08796296
2 0.31822917 0.6486111 0.041666668 0.05648148
2 0.3903646 0.6513889 0.030729167 0.039814815
2 0.4622396 0.6486111 0.025520833 0.037962962
2 0.47161457 0.6412037 0.016145833 0.037962962
2 0.49895832 0.6611111 0.047916666 0.06666667
2 0.5278646 0.649537 0.033854168 0.06388889
4 0.53541666 0.6375 0.022916667 0.058333334
2 0.9291667 0.787963 0.14166667 0.37222221
2 0.6346354 0.65462965 0.0078125 0.06111111
0 0.68046874 0.65833336 0.0109375 0.07037037
0 0.66979164 0.65925926 0.009375 0.074074075
1 0.8341146 0.6675926 0.0484375 0.07777778
0 0.8645833 0.65925926 0.011458334 0.07777778
1 0.8109375 0.6666667 0.039583333 0.07037037
1 0.7830729 0.6634259 0.021354167 0.06574074
0 0.7684896 0.65416664 0.011979166 0.06574074
0 0.7523438 0.6537037 0.015104166 0.07037037
1 0.7398437 0.65324074 0.019270834 0.058333334
0 0.9731771 0.6259259 0.008854167 0.06111111
