0 0.9453125 0.65 0.030208332 0.14444445
0 0.90416664 0.6388889 0.030208332 0.15925926
0 0.8171875 0.69953704 0.065625 0.125
0 0.7494792 0.65925926 0.03125 0.18518518
2 0.40520832 0.6481481 0.06666667 0.07962963
3 0.40911457 0.60694444 0.043229166 0.10092592
2 0.44739583 0.62685186 0.017708333 0.033333335
1 0.5486979 0.63842595 0.013020833 0.05462963
1 0.6638021 0.64166665 0.0234375 0.12407407
0 0.69375 0.6402778 0.020833334 0.106481485
0 0.70520836 0.6097222 0.009375 0.041666668
2 0.80625 0.6273148 0.088541664 0.05462963
2 0.8541667 0.6259259 0.045833334 0.044444446
0 0.9890625 0.6273148 0.019791666 0.08055556
2 0.60234374 0.6273148 0.027604166 0.025
2 0.67604166 0.62546295 0.067708336 0.036111113
2 0.75 0.6226852 0.063541666 0.058333334
0 0.5364583 0.6287037 0.008333334 0.037037037
2 0.4986979 0.62222224 0.0078125 0.0129629625
