2 0.51927084 0.62546295 0.025 0.047222223
2 0.52734375 0.6412037 0.021354167 0.037962962
2 0.53697914 0.6402778 0.03125 0.047222223
2 0.56328124 0.6449074 0.049479168 0.06944445
2 0.61588544 0.65231484 0.09010417 0.13981481
2 0.48072916 0.6486111 0.058333334 0.097222224
2 0.43932292 0.62824076 0.0109375 0.015740741
2 0.4515625 0.62916666 0.013541667 0.021296296
2 0.4065104 0.6259259 0.021354167 0.03888889
2 0.42083332 0.6388889 0.028125 0.042592593
2 0.38177082 0.64166665 0.058333334 0.083333336
2 0.05234375 0.6564815 0.1046875 0.18703704
