2 0.19427083 0.55972224 0.011458334 0.019444445
2 0.30052084 0.575 0.011458334 0.016666668
2 0.29348958 0.5685185 0.0078125 0.014814815
2 0.28385416 0.5740741 0.0125 0.018518519
2 0.32213542 0.5763889 0.0078125 0.013888889
4 0.34114584 0.57592595 0.017708333 0.027777778
3 0.36354166 0.56898147 0.040625 0.0787037
2 0.39765626 0.6199074 0.0859375 0.16018519
3 0.47161457 0.57592595 0.0640625 0.13148148
2 0.484375 0.61388886 0.05625 0.085185185
2 0.5023438 0.62916666 0.06822917 0.09351852
2 0.56171876 0.6319444 0.10364583 0.15462963
3 0.71796876 0.57592595 0.27864584 0.4648148
