0 0.9341146 0.6875 0.034895834 0.1675926
1 0.7419271 0.72314817 0.046354167 0.16666667
3 0.6294271 0.59675926 0.0890625 0.20462963
1 0.5783854 0.6337963 0.015104166 0.062037036
0 0.55546874 0.6111111 0.008854167 0.035185184
3 0.47760418 0.6125 0.1125 0.17870371
2 0.4309896 0.60555553 0.0328125 0.062962964
2 0.390625 0.63611114 0.051041666 0.06481481
2 0.33880207 0.59814817 0.0171875 0.024074074
1 0.26276043 0.6175926 0.0078125 0.035185184
1 0.19192709 0.6259259 0.015104166 0.046296295
0 0.14557292 0.6226852 0.009895833 0.04537037
1 0.087239586 0.64398146 0.0234375 0.060185187
