2 0.14817709 0.7189815 0.14114584 0.11018518
2 0.28619793 0.7027778 0.0703125 0.074074075
2 0.32317707 0.69398147 0.050520834 0.06574074
0 0.5317708 0.6912037 0.019791666 0.09537037
0 0.5484375 0.6861111 0.019791666 0.10185185
0 0.93880206 0.6912037 0.038020834 0.17314816
0 0.87890625 0.70694447 0.0421875 0.16018519
3 0.7346354 0.6365741 0.14322917 0.24351852
2 0.65494794 0.6935185 0.046354167 0.07037037
2 0.63697916 0.68935186 0.036458332 0.05462963
2 0.621875 0.68564814 0.03125 0.049074072
3 0.6109375 0.6611111 0.040625 0.085185185
2 0.59010416 0.6787037 0.019791666 0.04074074
2 0.575 0.67546296 0.01875 0.028703704
