2 0.098697916 0.6212963 0.09947917 0.083333336
0 0.08203125 0.64074075 0.0171875 0.087037034
2 0.14739583 0.6365741 0.06979167 0.047222223
2 0.27239582 0.63796294 0.022916667 0.031481482
2 0.40338543 0.64768517 0.028645834 0.037962962
2 0.46197918 0.64305556 0.0125 0.015740741
1 0.4765625 0.6490741 0.008333334 0.037037037
1 0.50390625 0.65694445 0.011979166 0.06388889
2 0.6713542 0.66805553 0.09583333 0.06388889
0 0.8388021 0.6787037 0.019270834 0.11111111
0 0.8226563 0.6851852 0.015104166 0.1
1 0.31640625 0.6458333 0.0109375 0.047222223
1 0.171875 0.6574074 0.023958333 0.06666667
2 0.017708333 0.62824076 0.035416666 0.0787037
