2 0.028645834 0.67083335 0.057291668 0.06574074
2 0.06588542 0.64305556 0.046354167 0.047222223
3 0.17942709 0.6212963 0.0546875 0.05925926
3 0.23854166 0.60601854 0.034375 0.058333334
2 0.2453125 0.6212963 0.022916667 0.027777778
2 0.2580729 0.62453705 0.024479168 0.026851851
2 0.29010418 0.61064816 0.013541667 0.025
2 0.31510416 0.6101852 0.013541667 0.02037037
2 0.33385417 0.6074074 0.009375 0.014814815
2 0.38828126 0.62314814 0.019270834 0.02962963
2 0.37760416 0.6365741 0.033333335 0.049074072
2 0.40286458 0.60694444 0.0078125 0.013888889
2 0.41692707 0.61157405 0.0140625 0.023148147
3 0.4140625 0.599537 0.017708333 0.037962962
2 0.43177083 0.6111111 0.027083334 0.05740741
3 0.45130208 0.599537 0.019270834 0.049074072
3 0.4846354 0.599537 0.053645834 0.09166667
3 0.55338544 0.60462964 0.084895834 0.17222223
3 0.74921876 0.6171296 0.23177083 0.25092593
2 0.30625 0.6101852 0.010416667 0.02037037
