1 0.0078125 0.6666667 0.015625 0.07777778
3 0.10572917 0.63842595 0.045833334 0.041666668
2 0.123958334 0.6388889 0.051041666 0.027777778
2 0.16796875 0.6328704 0.036979165 0.028703704
3 0.23541667 0.61851853 0.0375 0.02962963
1 0.22447917 0.6537037 0.019791666 0.05
2 0.30416667 0.6490741 0.048958335 0.053703703
4 0.33984375 0.6180556 0.07447917 0.097222224
2 0.3606771 0.64398146 0.0484375 0.058333334
2 0.39427084 0.6324074 0.0375 0.05740741
2 0.41588542 0.6351852 0.025520833 0.037037037
2 0.4283854 0.62546295 0.025520833 0.043518517
2 0.4455729 0.6226852 0.021354167 0.036111113
3 0.45833334 0.61203706 0.025 0.048148148
2 0.48359376 0.61851853 0.0140625 0.018518519
