2 0.088541664 0.825 0.17708333 0.32407406
2 0.14192708 0.7625 0.0703125 0.097222224
2 0.20364584 0.7648148 0.065625 0.07777778
4 0.22890624 0.72037035 0.047395833 0.08888889
2 0.24166666 0.7578704 0.034375 0.05648148
2 0.2828125 0.77916664 0.07395833 0.09907407
3 0.41666666 0.69166666 0.20833333 0.48518518
0 0.53125 0.77037036 0.0125 0.07037037
1 0.65703124 0.8175926 0.0546875 0.22037037
1 0.784375 0.84305555 0.06458333 0.20092593
0 0.7190104 0.7513889 0.008854167 0.043518517
2 0.26770833 0.7351852 0.033333335 0.06111111
