2 0.11744792 0.6782407 0.1734375 0.16574074
2 0.26848957 0.66018516 0.08177083 0.08888889
3 0.24713542 0.6263889 0.034895834 0.075
2 0.3190104 0.6486111 0.0453125 0.075
2 0.34791666 0.650463 0.029166667 0.041666668
2 0.36510417 0.6472222 0.025 0.033333335
2 0.39921874 0.649537 0.033854168 0.05277778
3 0.39947918 0.6189815 0.03125 0.06388889
2 0.4515625 0.66157407 0.058333334 0.10092592
2 0.5015625 0.67083335 0.10104167 0.17314816
3 0.5570313 0.62685186 0.059895832 0.07037037
5 0.6484375 0.66018516 0.034375 0.062962964
