0 0.9234375 0.66944444 0.10729167 0.56296295
0 0.81901044 0.6171296 0.058854166 0.2712963
0 0.715625 0.61944443 0.038541667 0.15555556
0 0.69166666 0.65231484 0.045833334 0.2935185
0 0.67317706 0.6388889 0.036979165 0.21851853
0 0.6356771 0.63564813 0.0390625 0.24166666
4 0.5914062 0.6402778 0.0296875 0.2212963
0 0.6109375 0.6212963 0.019791666 0.098148145
0 0.56614584 0.6300926 0.016666668 0.073148146
0 0.5453125 0.6287037 0.020833334 0.087037034
0 0.5335938 0.6226852 0.015104166 0.08055556
2 0.4450521 0.6458333 0.09739583 0.15092592
0 0.3981771 0.6236111 0.018229166 0.09537037
0 0.38984376 0.62083334 0.0140625 0.0712963
2 0.38072917 0.6157407 0.014583333 0.024074074
2 0.35338542 0.6166667 0.013020833 0.02037037
2 0.32916668 0.61944443 0.019791666 0.02962963
2 0.30989584 0.6212963 0.021875 0.02962963
2 0.32135418 0.62453705 0.030208332 0.039814815
2 0.28125 0.6148148 0.017708333 0.024074074
0 0.2625 0.61527777 0.026041666 0.021296296
0 0.23255208 0.62175924 0.0234375 0.125
0 0.24609375 0.6097222 0.009895833 0.058333334
