2 0.9664062 0.64398146 0.06614583 0.06944445
0 0.8640625 0.6486111 0.015625 0.0712963
2 0.86015624 0.65555555 0.084895834 0.06666667
1 0.80078125 0.67685187 0.047395833 0.13333334
1 0.7523438 0.6643519 0.0265625 0.08611111
2 0.5375 0.6865741 0.088541664 0.106481485
2 0.490625 0.66064817 0.027083334 0.05462963
4 0.49895832 0.6458333 0.045833334 0.073148146
2 0.45911458 0.66018516 0.0203125 0.031481482
2 0.44244793 0.6643519 0.024479168 0.04537037
2 0.42083332 0.66712964 0.040625 0.06759259
2 0.3815104 0.66944444 0.028645834 0.035185184
2 0.33489582 0.67453706 0.051041666 0.08425926
2 0.0078125 0.71805555 0.015625 0.10462963
