2 0.7309896 0.7125 0.53802085 0.5712963
0 0.26666668 0.6837963 0.03125 0.19351852
0 0.2546875 0.70787036 0.038541667 0.15648147
0 0.119791664 0.6861111 0.03125 0.17777778
2 0.15885417 0.66944444 0.029166667 0.048148148
3 0.20494792 0.6550926 0.021354167 0.039814815
2 0.22109374 0.66805553 0.016145833 0.025
4 0.22057292 0.66064817 0.009895833 0.023148147
4 0.26171875 0.65092593 0.040104166 0.09074074
0 0.30729166 0.6726852 0.01875 0.09537037
0 0.28802082 0.66712964 0.009375 0.041666668
0 0.31796876 0.6782407 0.0109375 0.06759259
1 0.36328125 0.6865741 0.025520833 0.09537037
1 0.48619792 0.68703705 0.0390625 0.18518518
2 0.5434896 0.6722222 0.07864583 0.05925926
2 0.56875 0.66481483 0.08229167 0.06851852
2 0.6304687 0.66851854 0.12135417 0.11296296
