2 0.12161458 0.6472222 0.24322917 0.31666666
2 0.27447918 0.6486111 0.11354167 0.125
4 0.3190104 0.6064815 0.08385417 0.096296296
2 0.33802083 0.6388889 0.07083333 0.09074074
2 0.36328125 0.6259259 0.0609375 0.083333336
2 0.39375 0.62546295 0.046875 0.06759259
3 0.4153646 0.6166667 0.0390625 0.072222225
2 0.46380207 0.6171296 0.011979166 0.017592592
2 0.48125 0.62222224 0.023958333 0.035185184
2 0.5210937 0.6236111 0.0265625 0.037962962
1 0.7007812 0.6263889 0.0140625 0.03425926
0 0.73515624 0.6236111 0.0078125 0.037962962
2 0.7440104 0.62175924 0.0296875 0.026851851
2 0.7213542 0.6212963 0.032291666 0.031481482
1 0.56640625 0.6180556 0.008854167 0.025
1 0.6078125 0.62314814 0.008333334 0.031481482
2 0.43203124 0.62453705 0.025520833 0.041666668
2 0.4388021 0.6226852 0.0234375 0.036111113
2 0.44635418 0.62083334 0.019791666 0.032407407
