2 0.15234375 0.675 0.0390625 0.04074074
2 0.17057292 0.675 0.0421875 0.04074074
0 0.17708333 0.67453706 0.010416667 0.043518517
2 0.19479166 0.6726852 0.030208332 0.037962962
2 0.22708334 0.6759259 0.01875 0.025925925
2 0.25520834 0.6888889 0.035416666 0.044444446
2 0.30286458 0.6805556 0.019270834 0.025925925
2 0.28046876 0.67407405 0.0234375 0.025925925
2 0.33958334 0.67777777 0.015625 0.018518519
2 0.35442707 0.67314816 0.019270834 0.025925925
5 0.31432292 0.6805556 0.0140625 0.033333335
2 0.39947918 0.6759259 0.019791666 0.027777778
1 0.7057292 0.7060185 0.039583333 0.13611111
2 0.81640625 0.6824074 0.106770836 0.10555556
2 0.9065104 0.6851852 0.0953125 0.08888889
2 0.9692708 0.6805556 0.061458334 0.087037034
