1 0.8377604 0.7398148 0.07447917 0.2
0 0.58177084 0.65555555 0.019791666 0.08148148
2 0.1171875 0.6527778 0.071875 0.072222225
2 0.2109375 0.6425926 0.0625 0.098148145
2 0.24453124 0.7263889 0.15885417 0.20648149
3 0.28411457 0.61157405 0.052604165 0.073148146
2 0.30286458 0.63564813 0.0390625 0.049074072
3 0.33333334 0.60601854 0.040625 0.075
2 0.3580729 0.61203706 0.022395832 0.035185184
2 0.38984376 0.625 0.028645834 0.048148148
2 0.40130207 0.61851853 0.021354167 0.035185184
2 0.41822916 0.6097222 0.015625 0.021296296
2 0.43828124 0.6435185 0.044270832 0.06111111
1 0.484375 0.6087963 0.0052083335 0.021296296
1 0.5023438 0.6134259 0.0078125 0.025
2 0.6460937 0.6162037 0.043229166 0.039814815
