2 0.090625 0.71435183 0.10625 0.11388889
2 0.18541667 0.70648146 0.10729167 0.12037037
2 0.2265625 0.6898148 0.05625 0.07962963
2 0.26458332 0.6884259 0.0375 0.062037036
2 0.28802082 0.6824074 0.042708334 0.06481481
2 0.30885416 0.68564814 0.027083334 0.047222223
2 0.33098957 0.6865741 0.024479168 0.032407407
2 0.3515625 0.68425924 0.023958333 0.02962963
0 0.40130207 0.6759259 0.0078125 0.03888889
2 0.8471354 0.7425926 0.2359375 0.20925926
2 0.6979167 0.71481484 0.13541667 0.13703704
2 0.5997396 0.69398147 0.0734375 0.08240741
2 0.56822914 0.6935185 0.040625 0.06666667
2 0.55338544 0.6865741 0.028645834 0.05648148
3 0.5033854 0.66157407 0.034895834 0.06759259
3 0.4856771 0.6662037 0.0171875 0.041666668
2 0.47864583 0.67314816 0.0125 0.022222223
2 0.471875 0.6736111 0.011458334 0.019444445
