2 0.7153646 0.6481481 0.1859375 0.32592592
2 0.6231771 0.6800926 0.07760417 0.10092592
2 0.5096354 0.68194443 0.1109375 0.18055555
2 0.440625 0.6333333 0.039583333 0.07037037
2 0.42291668 0.63842595 0.03125 0.04537037
2 0.40859374 0.6310185 0.0234375 0.039814815
2 0.3752604 0.6351852 0.021354167 0.02962963
2 0.34791666 0.62824076 0.009375 0.017592592
2 0.33411458 0.62916666 0.009895833 0.013888889
2 0.31796876 0.6296296 0.009895833 0.014814815
2 0.29947916 0.6287037 0.009375 0.011111111
1 0.21770833 0.6375 0.010416667 0.041666668
1 0.10546875 0.65324074 0.018229166 0.062037036
