0 0.8442708 0.6759259 0.028125 0.11111111
0 0.80885416 0.6597222 0.010416667 0.06759259
0 0.77552086 0.65925926 0.011458334 0.05925926
0 0.7653646 0.65787035 0.0109375 0.062037036
0 0.7171875 0.65555555 0.014583333 0.05925926
0 0.70442706 0.6597222 0.008854167 0.041666668
0 0.6953125 0.6564815 0.0125 0.05740741
0 0.6614583 0.65462965 0.008333334 0.042592593
2 0.5864583 0.6689815 0.065625 0.08055556
2 0.5203125 0.64398146 0.026041666 0.036111113
4 0.5231771 0.6324074 0.022395832 0.044444446
2 0.48828125 0.64537036 0.0359375 0.05740741
2 0.45208332 0.6351852 0.0125 0.02037037
2 0.42291668 0.63842595 0.015625 0.023148147
2 0.3763021 0.63564813 0.041145835 0.032407407
0 0.3127604 0.63703704 0.005729167 0.027777778
0 0.28541666 0.63935184 0.008333334 0.039814815
0 0.27734375 0.6388889 0.0078125 0.037037037
