2 0.17473958 0.6287037 0.0234375 0.031481482
2 0.21276042 0.6300926 0.0359375 0.036111113
3 0.22421876 0.62083334 0.0359375 0.03425926
3 0.2580729 0.6041667 0.0234375 0.041666668
2 0.29114583 0.61527777 0.019791666 0.023148147
2 0.3 0.6111111 0.011458334 0.018518519
3 0.30755207 0.6009259 0.011979166 0.031481482
2 0.32890624 0.6078704 0.0109375 0.015740741
2 0.38203126 0.6203704 0.021354167 0.02962963
2 0.3859375 0.60925925 0.017708333 0.033333335
2 0.37213543 0.6388889 0.0390625 0.055555556
3 0.42083332 0.59814817 0.028125 0.05
3 0.44375 0.6236111 0.051041666 0.10462963
3 0.48333332 0.600463 0.040625 0.07685185
3 0.59739584 0.6175926 0.2 0.22037037
3 0.6041667 0.6180556 0.08541667 0.09537037
3 0.8809896 0.6300926 0.23697917 0.46203703
