2 0.06796875 0.72268516 0.1359375 0.24166666
2 0.11953125 0.712963 0.2390625 0.2037037
2 0.18333334 0.68703705 0.16041666 0.16666667
0 0.26458332 0.7449074 0.05 0.24537037
2 0.275 0.7023148 0.12916666 0.12314815
2 0.3328125 0.69074076 0.083333336 0.09259259
0 0.40911457 0.69398147 0.008854167 0.04537037
0 0.3953125 0.6912037 0.010416667 0.050925925
2 0.6145833 0.71574074 0.11354167 0.06851852
2 0.54322916 0.7074074 0.08958333 0.05740741
0 0.7369792 0.78425926 0.067708336 0.31666666
0 0.8200521 0.7837963 0.06614583 0.35092592
