2 0.039583333 0.6310185 0.079166666 0.11574074
1 0.15234375 0.6189815 0.025520833 0.09351852
2 0.2721354 0.64166665 0.17239584 0.19814815
2 0.37213543 0.6148148 0.0328125 0.046296295
2 0.40260416 0.60925925 0.025 0.044444446
4 0.41666666 0.6041667 0.022916667 0.043518517
2 0.43541667 0.6180556 0.029166667 0.039814815
2 0.46015626 0.6148148 0.016145833 0.018518519
1 0.4796875 0.61944443 0.011458334 0.042592593
4 0.47864583 0.6064815 0.017708333 0.03888889
0 0.52916664 0.64166665 0.036458332 0.12037037
2 0.53984374 0.63055557 0.043229166 0.07037037
2 0.5210937 0.6226852 0.030729167 0.039814815
2 0.5140625 0.62222224 0.023958333 0.031481482
0 0.6580729 0.6481481 0.018229166 0.09074074
0 0.7075521 0.64768517 0.018229166 0.08425926
0 0.74010414 0.6398148 0.025 0.11481482
0 0.7794271 0.65462965 0.030729167 0.1388889
0 0.765625 0.65555555 0.017708333 0.1037037
4 0.9002604 0.5574074 0.19947916 0.85
