0 0.0125 0.6402778 0.019791666 0.09351852
0 0.09036458 0.6351852 0.0171875 0.083333336
0 0.228125 0.64444447 0.013541667 0.07037037
0 0.33411458 0.6967593 0.1203125 0.38981482
1 0.38463542 0.65925926 0.046354167 0.07777778
2 0.36875 0.65694445 0.041666668 0.062037036
2 0.40807292 0.6449074 0.018229166 0.028703704
2 0.4440104 0.6449074 0.0171875 0.021296296
2 0.4372396 0.64166665 0.0109375 0.018518519
2 0.47135416 0.6449074 0.011458334 0.017592592
2 0.5080729 0.650463 0.030729167 0.041666668
2 0.571875 0.6652778 0.014583333 0.07685185
2 0.9322917 0.6634259 0.06979167 0.075
