2 0.05625 0.7490741 0.1125 0.18518518
2 0.69140625 0.6324074 0.0734375 0.07962963
1 0.92864585 0.6148148 0.027083334 0.085185185
1 0.9036458 0.61064816 0.022916667 0.06574074
1 0.8354167 0.6009259 0.01875 0.062962964
1 0.7638021 0.5935185 0.009895833 0.042592593
4 0.709375 0.56527776 0.09375 0.14166667
2 0.6424479 0.5902778 0.028645834 0.03425926
2 0.6059896 0.59768516 0.0390625 0.05648148
3 0.5953125 0.56898147 0.027083334 0.062037036
2 0.56041664 0.5703704 0.028125 0.06851852
1 0.428125 0.59074074 0.013541667 0.037037037
1 0.3205729 0.6041667 0.0078125 0.03425926
