0 0.771875 0.6722222 0.01875 0.083333336
4 0.51979166 0.63842595 0.028125 0.05277778
2 0.49140626 0.65555555 0.0234375 0.037037037
4 0.46979168 0.64074075 0.010416667 0.02037037
2 0.45416668 0.6490741 0.015625 0.024074074
2 0.42682293 0.64537036 0.016145833 0.02962963
2 0.41927084 0.6490741 0.019791666 0.031481482
2 0.409375 0.650463 0.021875 0.03425926
2 0.3796875 0.64537036 0.022916667 0.037037037
2 0.35572916 0.6560185 0.042708334 0.049074072
2 0.2877604 0.65324074 0.055729166 0.06574074
2 0.259375 0.6666667 0.078125 0.085185185
2 0.18098958 0.66157407 0.0921875 0.09351852
