2 0.15026042 0.5939815 0.031770833 0.032407407
2 0.45130208 0.6212963 0.031770833 0.024074074
2 0.51171875 0.61944443 0.011979166 0.016666668
2 0.5046875 0.61388886 0.008333334 0.018518519
1 0.54375 0.62222224 0.011458334 0.024074074
2 0.53203124 0.6166667 0.0109375 0.018518519
2 0.6203125 0.6296296 0.025 0.037037037
2 0.6010417 0.6263889 0.021875 0.028703704
2 0.57890624 0.62453705 0.0234375 0.039814815
2 0.5658854 0.6236111 0.019270834 0.03425926
2 0.353125 0.61944443 0.027083334 0.016666668
1 0.6546875 0.6273148 0.008333334 0.028703704
1 0.8765625 0.6467593 0.036458332 0.08611111
