2 0.7640625 0.7212963 0.246875 0.2611111
1 0.66276044 0.64305556 0.0109375 0.041666668
2 0.58723956 0.6587963 0.06822917 0.08796296
2 0.5434896 0.64444447 0.031770833 0.05185185
2 0.51770836 0.64398146 0.0375 0.058333334
2 0.4924479 0.6287037 0.0140625 0.022222223
2 0.48645833 0.6365741 0.017708333 0.025
2 0.47083333 0.6273148 0.011458334 0.019444445
3 0.46197918 0.625 0.016666668 0.031481482
2 0.45520833 0.6300926 0.01875 0.028703704
4 0.4388021 0.6212963 0.025520833 0.042592593
2 0.4455729 0.63611114 0.0234375 0.033333335
2 0.43333334 0.6351852 0.026041666 0.037037037
2 0.4143229 0.6342593 0.034895834 0.05
2 0.3830729 0.62916666 0.027604166 0.047222223
2 0.35651043 0.6351852 0.0640625 0.07962963
2 0.27552083 0.6513889 0.10729167 0.11018518
2 0.08776042 0.650463 0.14635417 0.119444445
