1 0.9236979 0.6921296 0.0265625 0.0787037
1 0.8153646 0.68333334 0.019270834 0.075925924
2 0.8354167 0.66851854 0.077083334 0.042592593
1 0.6565104 0.65555555 0.0140625 0.027777778
2 0.7346354 0.7050926 0.1609375 0.20833333
2 0.6096354 0.66157407 0.0421875 0.0712963
2 0.5549479 0.6884259 0.1171875 0.20092593
2 0.49296874 0.64537036 0.0421875 0.05740741
2 0.43333334 0.6402778 0.042708334 0.036111113
1 0.38385418 0.6388889 0.015625 0.037037037
1 0.36119792 0.64768517 0.0203125 0.036111113
2 0.32421875 0.6351852 0.0453125 0.033333335
2 0.28385416 0.625 0.0625 0.042592593
0 0.23333333 0.64537036 0.010416667 0.06111111
