0 0.092447914 0.71342593 0.018229166 0.08796296
0 0.11484375 0.6967593 0.018229166 0.106481485
0 0.098958336 0.69861114 0.015625 0.106481485
2 0.16484375 0.72175926 0.1234375 0.108333334
0 0.3515625 0.70185184 0.009375 0.042592593
0 0.29375 0.69398147 0.009375 0.047222223
2 0.4578125 0.6958333 0.0125 0.015740741
2 0.4778646 0.6944444 0.009895833 0.014814815
2 0.5140625 0.72314817 0.06666667 0.1
3 0.6117188 0.69074076 0.0421875 0.083333336
2 0.59244794 0.7087963 0.024479168 0.03425926
3 0.6643229 0.6736111 0.0796875 0.1675926
2 0.6875 0.72268516 0.071875 0.10462963
2 0.82421875 0.75046295 0.1671875 0.18425927
2 0.9143229 0.7740741 0.17135416 0.30925927
