3 0.096354164 0.59305555 0.19166666 0.14907408
2 0.03359375 0.63472223 0.0671875 0.07685185
2 0.20078126 0.6263889 0.1484375 0.09907407
2 0.30833334 0.63611114 0.09583333 0.05925926
2 0.44140625 0.6402778 0.0890625 0.062037036
3 0.40208334 0.6189815 0.029166667 0.041666668
3 0.41666666 0.6101852 0.029166667 0.05185185
2 0.44739583 0.61388886 0.021875 0.04074074
2 0.5072917 0.61851853 0.025 0.048148148
2 0.59453124 0.6486111 0.13697916 0.09907407
2 0.7036458 0.65555555 0.1125 0.07037037
2 0.7473958 0.6527778 0.065625 0.05185185
3 0.8804687 0.61851853 0.1953125 0.1537037
