4 0.88958335 0.5 0.21458334 0.9925926
1 0.6875 0.65416664 0.013541667 0.047222223
1 0.609375 0.6462963 0.010416667 0.031481482
1 0.5828125 0.64398146 0.0072916667 0.026851851
2 0.56171876 0.649537 0.040104166 0.062037036
2 0.5445312 0.6472222 0.0203125 0.04074074
2 0.5388021 0.6402778 0.0203125 0.041666668
3 0.51953125 0.62546295 0.019270834 0.041666668
2 0.5023438 0.6643519 0.053645834 0.0787037
2 0.4640625 0.6398148 0.015625 0.02962963
2 0.45416668 0.6425926 0.023958333 0.037037037
2 0.43463543 0.63703704 0.016145833 0.027777778
2 0.39661458 0.6643519 0.0703125 0.097222224
2 0.34947917 0.662963 0.11875 0.16111112
4 0.2890625 0.60833335 0.140625 0.20555556
2 0.15963541 0.74351853 0.31614584 0.39444444
