0 0.6544271 0.6111111 0.0109375 0.05185185
1 0.61588544 0.63148147 0.018229166 0.075925924
0 0.5971354 0.61527777 0.0109375 0.049074072
5 0.5372396 0.60694444 0.013020833 0.036111113
3 0.4752604 0.6148148 0.1390625 0.2037037
3 0.384375 0.58842593 0.039583333 0.032407407
3 0.3515625 0.58842593 0.019791666 0.028703704
2 0.3234375 0.5949074 0.017708333 0.025
2 0.3171875 0.6018519 0.014583333 0.016666668
1 0.26640624 0.61851853 0.009895833 0.037037037
1 0.23671874 0.6226852 0.013020833 0.036111113
1 0.16614583 0.6324074 0.016666668 0.048148148
1 0.04375 0.65 0.022916667 0.06851852
