2 0.6450521 0.7060185 0.11302083 0.14722222
2 0.56119794 0.6662037 0.019270834 0.025
2 0.52916664 0.662037 0.013541667 0.016666668
2 0.51770836 0.6675926 0.019791666 0.031481482
2 0.44765624 0.6773148 0.036979165 0.047222223
3 0.42786458 0.65833336 0.0296875 0.05740741
3 0.39583334 0.65 0.060416665 0.10185185
2 0.32578126 0.7027778 0.100520834 0.107407406
0 0.0828125 0.6912037 0.011458334 0.062037036
0 0.09401042 0.70555556 0.016145833 0.035185184
1 0.011197916 0.7092593 0.022395832 0.10185185
3 0.54036456 0.6513889 0.019270834 0.028703704
