0 0.95390624 0.7592593 0.0890625 0.47777778
2 0.8257812 0.7449074 0.2890625 0.28425926
2 0.66041666 0.712963 0.1375 0.16666667
1 0.59375 0.7347222 0.13229166 0.3638889
2 0.52135414 0.6925926 0.063541666 0.07777778
2 0.49322918 0.6796296 0.059375 0.074074075
2 0.45911458 0.6782407 0.046354167 0.060185187
2 0.4359375 0.67083335 0.044791665 0.058333334
2 0.41145834 0.6675926 0.040625 0.053703703
2 0.39166668 0.65462965 0.035416666 0.06481481
1 0.37994793 0.66805553 0.009895833 0.047222223
2 0.37317708 0.66064817 0.028645834 0.041666668
2 0.3596354 0.66157407 0.025520833 0.039814815
2 0.30286458 0.6722222 0.058854166 0.09259259
2 0.22604166 0.6458333 0.010416667 0.015740741
2 0.21640626 0.6490741 0.009895833 0.016666668
0 0.20885417 0.67175925 0.015625 0.09351852
