2 0.9526042 0.6226852 0.092708334 0.106481485
2 0.8419271 0.6388889 0.1515625 0.1537037
0 0.6869792 0.6166667 0.010416667 0.06481481
2 0.6252604 0.6175926 0.059895832 0.08148148
2 0.48697916 0.6101852 0.055208333 0.035185184
2 0.4484375 0.60555553 0.019791666 0.024074074
4 0.35833332 0.575 0.08958333 0.15925926
4 0.39921874 0.59074074 0.022395832 0.048148148
2 0.32239583 0.6199074 0.08541667 0.13055556
1 0.24348958 0.60833335 0.019270834 0.04074074
2 0.19817708 0.60555553 0.053645834 0.03888889
