2 0.8940104 0.7875 0.20989583 0.4212963
2 0.83203125 0.662037 0.06614583 0.09259259
2 0.7033854 0.6611111 0.0390625 0.04074074
0 0.6713542 0.66018516 0.0072916667 0.031481482
1 0.5981771 0.68935186 0.050520834 0.1287037
1 0.052604165 0.68472224 0.05 0.08611111
2 0.29791668 0.6652778 0.03125 0.043518517
1 0.34453124 0.67407405 0.0078125 0.02962963
2 0.47161457 0.66851854 0.011979166 0.014814815
4 0.49635416 0.66157407 0.011458334 0.023148147
2 0.51145834 0.6634259 0.016666668 0.026851851
2 0.53697914 0.6657407 0.01875 0.022222223
