2 0.23385416 0.63703704 0.061458334 0.042592593
2 0.29609376 0.63842595 0.052604165 0.037962962
2 0.33802083 0.64166665 0.058333334 0.04074074
4 0.3658854 0.62314814 0.0453125 0.06111111
4 0.4075521 0.62453705 0.025520833 0.049074072
4 0.47864583 0.62083334 0.08020833 0.09907407
2 0.51432294 0.67453706 0.0984375 0.16574074
1 0.48125 0.7361111 0.08229167 0.35555556
2 0.57604164 0.65324074 0.042708334 0.06944445
2 0.5942708 0.66712964 0.055208333 0.07685185
2 0.6408854 0.67083335 0.086979166 0.12685186
2 0.6971354 0.65416664 0.052604165 0.037962962
2 0.7942708 0.65925926 0.06458333 0.037037037
1 0.12083333 0.6412037 0.0125 0.047222223
0 0.13671875 0.64444447 0.016145833 0.05740741
0 0.15 0.64305556 0.0125 0.049074072
1 0.16171876 0.64398146 0.011979166 0.047222223
