0 0.13619791 0.59907407 0.009895833 0.046296295
2 0.15703125 0.63148147 0.075520836 0.07037037
1 0.23489584 0.6226852 0.015625 0.0712963
1 0.34479168 0.6175926 0.015625 0.035185184
2 0.38177082 0.61944443 0.016666668 0.025925925
2 0.36822918 0.6189815 0.015625 0.026851851
4 0.37994793 0.6097222 0.0203125 0.043518517
2 0.421875 0.6203704 0.029166667 0.025925925
1 0.44036457 0.6189815 0.0109375 0.026851851
1 0.44739583 0.6226852 0.009375 0.03425926
2 0.48255208 0.62083334 0.034895834 0.026851851
1 0.4841146 0.63564813 0.0171875 0.073148146
0 0.9330729 0.6041667 0.013020833 0.08611111
0 0.8325521 0.6134259 0.0265625 0.11388889
2 0.8299479 0.6171296 0.10572917 0.08981481
2 0.68619794 0.6097222 0.084895834 0.075
2 0.6502604 0.61435187 0.056770835 0.062037036
2 0.60520834 0.6175926 0.057291668 0.046296295
2 0.5885417 0.6157407 0.046875 0.042592593
2 0.5669271 0.6162037 0.044270832 0.039814815
