2 0.08567708 0.6425926 0.17135416 0.32222223
1 0.23619792 0.60462964 0.018229166 0.06666667
4 0.3518229 0.587037 0.050520834 0.096296296
2 0.3765625 0.6032407 0.021875 0.041666668
2 0.39166668 0.60462964 0.015625 0.02962963
3 0.43177083 0.587963 0.051041666 0.07777778
1 0.45416668 0.61203706 0.015625 0.044444446
3 0.47864583 0.59675926 0.036458332 0.05648148
1 0.47864583 0.6111111 0.013541667 0.03888889
2 0.55677086 0.61944443 0.08541667 0.05185185
0 0.8148438 0.6759259 0.055729166 0.2074074
2 0.80052084 0.63935184 0.084375 0.073148146
3 0.9390625 0.64166665 0.121875 0.18518518
