1 0.64192706 0.77268517 0.025520833 0.10092592
1 0.5721354 0.75972223 0.024479168 0.06574074
2 0.41770834 0.7328704 0.015625 0.030555556
2 0.4015625 0.73055553 0.010416667 0.0129629625
3 0.40130207 0.7189815 0.0140625 0.036111113
2 0.38854167 0.7314815 0.013541667 0.022222223
1 0.3796875 0.73333335 0.008333334 0.033333335
2 0.37005207 0.7291667 0.0140625 0.021296296
2 0.34895834 0.7328704 0.017708333 0.025
3 0.35 0.712963 0.017708333 0.035185184
3 0.30729166 0.725463 0.038541667 0.060185187
3 0.28515625 0.71574074 0.031770833 0.06481481
2 0.061458334 0.7111111 0.06458333 0.05
2 0.26666668 0.7259259 0.029166667 0.018518519
