2 0.048958335 0.59537035 0.09791667 0.13148148
2 0.08619792 0.6009259 0.1578125 0.15185185
2 0.1953125 0.6125 0.14270833 0.13796297
0 0.2421875 0.56435186 0.016666668 0.09907407
2 0.31015626 0.6166667 0.1109375 0.16481481
0 0.44010416 0.6296296 0.06458333 0.28333333
0 0.47161457 0.61388886 0.0421875 0.2611111
0 0.50364584 0.6375 0.053125 0.25092593
2 0.48854166 0.61388886 0.16041666 0.20925926
2 0.70703125 0.6365741 0.21614583 0.2175926
0 0.6950521 0.5587963 0.018229166 0.1287037
2 0.90052086 0.63148147 0.19791667 0.2685185
