2 0.4138021 0.64398146 0.19114584 0.12314815
2 0.19921875 0.62685186 0.1484375 0.094444446
3 0.12578125 0.57453704 0.2515625 0.18425927
2 0.0328125 0.6337963 0.065625 0.075
2 0.5078125 0.6212963 0.026041666 0.053703703
2 0.49921876 0.6263889 0.021354167 0.03425926
2 0.4484375 0.62175924 0.023958333 0.05277778
2 0.45989582 0.6240741 0.014583333 0.03888889
2 0.46614584 0.6259259 0.017708333 0.02962963
2 0.59791666 0.64305556 0.079166666 0.06574074
2 0.5697917 0.6310185 0.026041666 0.05648148
2 0.7007812 0.65416664 0.1203125 0.06574074
2 0.7239583 0.6171296 0.13854167 0.121296294
3 0.86145836 0.62222224 0.15104167 0.1425926
