1 0.8276042 0.72037035 0.05625 0.17407407
2 0.77265626 0.6259259 0.059895832 0.05740741
2 0.73046875 0.62685186 0.049479168 0.062962964
2 0.6958333 0.6157407 0.042708334 0.05
3 0.746875 0.5865741 0.153125 0.121296294
1 0.6979167 0.6587963 0.045833334 0.08796296
1 0.59296876 0.6162037 0.024479168 0.06388889
0 0.5606771 0.6148148 0.0109375 0.062962964
0 0.5541667 0.6148148 0.011458334 0.062962964
4 0.47604167 0.6037037 0.11770833 0.22777778
2 0.41822916 0.59675926 0.022916667 0.041666668
3 0.35078126 0.5796296 0.036979165 0.05185185
2 0.303125 0.58518517 0.027083334 0.037037037
2 0.34140626 0.6458333 0.07760417 0.097222224
1 0.28645834 0.58287036 0.00625 0.025
1 0.278125 0.5837963 0.0072916667 0.028703704
1 0.25989583 0.5865741 0.00625 0.030555556
3 0.19479166 0.57916665 0.084375 0.08240741
1 0.13515624 0.59675926 0.011979166 0.047222223
2 0.071875 0.5986111 0.10520833 0.14907408
2 0.5486979 0.56805557 0.0234375 0.026851851
