2 0.865625 0.76296294 0.26875 0.47407407
1 0.76354164 0.6689815 0.01875 0.06944445
1 0.6822917 0.6597222 0.015625 0.062037036
2 0.590625 0.6634259 0.07395833 0.10277778
4 0.55677086 0.62222224 0.058333334 0.1037037
2 0.5171875 0.6328704 0.009375 0.015740741
3 0.4953125 0.62546295 0.041666668 0.09166667
2 0.49322918 0.6097222 0.033333335 0.058333334
2 0.47135416 0.6342593 0.009375 0.014814815
2 0.46276042 0.6324074 0.009895833 0.014814815
2 0.4421875 0.6402778 0.017708333 0.025
2 0.42005208 0.6402778 0.025520833 0.039814815
2 0.35755208 0.65462965 0.061979167 0.087037034
