2 0.05546875 0.87083334 0.1109375 0.25833333
2 0.05234375 0.6912037 0.1046875 0.08055556
1 0.19375 0.6587963 0.014583333 0.04537037
2 0.27421874 0.6759259 0.12760417 0.075925924
2 0.35546875 0.6527778 0.034895834 0.03888889
2 0.41145834 0.6490741 0.029166667 0.03888889
2 0.45989582 0.6481481 0.027083334 0.035185184
1 0.5825521 0.6597222 0.030729167 0.06388889
1 0.6226562 0.6560185 0.025520833 0.060185187
5 0.7203125 0.6527778 0.060416665 0.05740741
1 0.840625 0.65092593 0.03125 0.06111111
2 0.3674479 0.6462963 0.027604166 0.03888889
