1 0.6986979 0.6800926 0.015104166 0.05462963
2 0.5328125 0.6171296 0.014583333 0.025
3 0.5210937 0.6018519 0.016145833 0.031481482
2 0.4997396 0.6064815 0.0140625 0.016666668
3 0.4919271 0.59212965 0.015104166 0.030555556
2 0.4875 0.6050926 0.011458334 0.019444445
2 0.4908854 0.6212963 0.0171875 0.025925925
3 0.47890624 0.59074074 0.011979166 0.024074074
2 0.46875 0.6074074 0.011458334 0.016666668
2 0.46510416 0.62453705 0.017708333 0.026851851
2 0.44635418 0.6375 0.021875 0.037962962
2 0.40989584 0.6657407 0.06458333 0.07777778
2 0.14348958 0.77268517 0.28697917 0.4212963
2 0.39375 0.59814817 0.017708333 0.014814815
2 0.44270834 0.6018519 0.011458334 0.014814815
3 0.44375 0.587963 0.011458334 0.025925925
3 0.45026043 0.5861111 0.009895833 0.018518519
3 0.43489584 0.587963 0.009375 0.02037037
3 0.4299479 0.59675926 0.009895833 0.017592592
4 0.46302083 0.58287036 0.008333334 0.019444445
1 0.33411458 0.61064816 0.005729167 0.021296296
1 0.32291666 0.6134259 0.0052083335 0.019444445
1 0.34010416 0.6101852 0.004166667 0.016666668
