5 0.10130208 0.72083336 0.0671875 0.1287037
1 0.24010417 0.70046294 0.025 0.06574074
2 0.28619793 0.73796296 0.1578125 0.1574074
2 0.38802084 0.71712965 0.0875 0.106481485
4 0.43958333 0.65694445 0.098958336 0.16203703
1 0.49140626 0.6884259 0.009895833 0.04537037
2 0.5109375 0.6791667 0.019791666 0.023148147
2 0.559375 0.6935185 0.051041666 0.107407406
2 0.590625 0.6814815 0.022916667 0.035185184
2 0.6872396 0.6949074 0.0421875 0.062037036
2 0.7091146 0.70185184 0.0546875 0.062962964
2 0.7661458 0.68472224 0.047916666 0.058333334
2 0.8385417 0.72037035 0.108333334 0.12592593
2 0.9348958 0.72037035 0.13020833 0.33703703
