2 0.07578125 0.69166666 0.15052083 0.14814815
0 0.16875 0.65324074 0.013541667 0.06759259
0 0.2171875 0.6486111 0.010416667 0.050925925
0 0.18489583 0.6537037 0.0125 0.055555556
0 0.15364583 0.6537037 0.013541667 0.055555556
0 0.24140625 0.65416664 0.008854167 0.03425926
2 0.33125 0.662037 0.046875 0.055555556
2 0.3609375 0.6537037 0.042708334 0.035185184
2 0.44765624 0.65092593 0.021354167 0.02962963
2 0.51770836 0.65 0.09166667 0.19074073
2 0.6033854 0.66481483 0.059895832 0.087037034
2 0.571875 0.6611111 0.026041666 0.044444446
1 0.6528646 0.67175925 0.019270834 0.05462963
2 0.7710937 0.712037 0.19114584 0.21481481
