2 0.06822917 0.7 0.13645834 0.24444444
2 0.19479166 0.6365741 0.16666667 0.20462963
2 0.30182293 0.6402778 0.0859375 0.117592596
2 0.35859376 0.6597222 0.1265625 0.1675926
2 0.41223958 0.6375 0.058854166 0.09907407
2 0.50416666 0.65694445 0.071875 0.121296294
2 0.4841146 0.63148147 0.044270832 0.08888889
1 0.8359375 0.67685187 0.059375 0.19629629
1 0.9513021 0.68935186 0.0578125 0.18611111
0 0.8677083 0.65416664 0.030208332 0.175
0 0.778125 0.6527778 0.03125 0.18703704
0 0.65625 0.62916666 0.016666668 0.06944445
0 0.61510414 0.6287037 0.013541667 0.06481481
0 0.5875 0.63472223 0.013541667 0.06759259
1 0.93880206 0.6666667 0.050520834 0.12962963
