3 0.09010417 0.5615741 0.077083334 0.08055556
3 0.20260416 0.5634259 0.05 0.05648148
3 0.30885416 0.5625 0.03125 0.039814815
2 0.31848958 0.60833335 0.050520834 0.06851852
3 0.35859376 0.56203705 0.0171875 0.022222223
2 0.3796875 0.56666666 0.0125 0.02037037
2 0.36510417 0.59212965 0.025 0.030555556
2 0.4065104 0.5847222 0.015104166 0.021296296
2 0.4372396 0.58055556 0.0109375 0.016666668
3 0.4533854 0.5773148 0.0234375 0.05648148
3 0.46796876 0.5703704 0.0140625 0.033333335
2 0.48359376 0.5796296 0.011979166 0.025925925
2 0.46510416 0.5842593 0.011458334 0.018518519
