0 0.9455729 0.65416664 0.022395832 0.10277778
0 0.96484375 0.662037 0.025520833 0.098148145
0 0.7971354 0.65555555 0.016145833 0.08148148
2 0.56901044 0.65324074 0.053645834 0.08796296
2 0.5252604 0.6467593 0.030729167 0.039814815
2 0.34973958 0.6449074 0.0421875 0.05277778
4 0.34791666 0.6287037 0.027083334 0.053703703
2 0.3981771 0.6388889 0.0234375 0.042592593
2 0.43828124 0.63796294 0.018229166 0.025925925
2 0.4640625 0.63842595 0.021875 0.026851851
2 0.48619792 0.6365741 0.013020833 0.019444445
2 0.47369793 0.6365741 0.0140625 0.021296296
4 0.43359375 0.62824076 0.022395832 0.043518517
2 0.40911457 0.6412037 0.015104166 0.023148147
4 0.45104167 0.62685186 0.022916667 0.04074074
2 0.41770834 0.6351852 0.009375 0.011111111
0 0.18151042 0.6388889 0.0109375 0.03888889
0 0.25390625 0.63564813 0.009895833 0.04537037
2 0.75078124 0.650463 0.050520834 0.041666668
