2 0.030989584 0.67083335 0.061979167 0.08425926
0 0.020572918 0.66481483 0.0203125 0.11111111
2 0.106510416 0.65925926 0.0578125 0.075925924
2 0.29375 0.6976852 0.119791664 0.14351852
1 0.3580729 0.6657407 0.0140625 0.048148148
1 0.3815104 0.6736111 0.0140625 0.04537037
2 0.47734374 0.6759259 0.0828125 0.12407407
0 0.5492188 0.6699074 0.022395832 0.10462963
1 0.5265625 0.6634259 0.009375 0.041666668
2 0.596875 0.6837963 0.07604167 0.09351852
1 0.6088542 0.68564814 0.034375 0.14907408
2 0.8041667 0.7722222 0.39166668 0.41296297
