2 0.07447917 0.65185183 0.042708334 0.031481482
2 0.018489582 0.6527778 0.036979165 0.03888889
2 0.309375 0.6726852 0.08125 0.11018518
2 0.4216146 0.6435185 0.0140625 0.02037037
2 0.43333334 0.6300926 0.009375 0.015740741
2 0.44270834 0.6402778 0.009375 0.019444445
2 0.44322917 0.6310185 0.009375 0.017592592
2 0.50364584 0.6560185 0.034375 0.06759259
2 0.6200521 0.6375 0.0390625 0.03425926
0 0.6127604 0.6398148 0.005729167 0.02962963
0 0.61875 0.64074075 0.00625 0.02962963
2 0.68177086 0.64166665 0.04375 0.031481482
0 0.8361979 0.67685187 0.024479168 0.11666667
0 0.46979168 0.64305556 0.0052083335 0.026851851
