3 0.050260417 0.6513889 0.0640625 0.062037036
2 0.071614586 0.6611111 0.061979167 0.06481481
3 0.11875 0.61527777 0.114583336 0.117592596
2 0.18046875 0.6398148 0.0234375 0.027777778
2 0.4049479 0.6171296 0.016145833 0.026851851
2 0.43072918 0.61527777 0.016666668 0.036111113
2 0.4484375 0.6212963 0.019791666 0.024074074
3 0.4611979 0.6041667 0.0296875 0.05462963
2 0.4221354 0.6300926 0.025520833 0.03425926
3 0.5109375 0.6097222 0.060416665 0.097222224
3 0.58020836 0.60555553 0.048958335 0.098148145
2 0.65052086 0.64537036 0.06666667 0.085185185
3 0.8229167 0.50046295 0.35416666 0.9990741
