2 0.08229167 0.73425925 0.16458334 0.27037036
2 0.10520833 0.68935186 0.21041666 0.28055555
2 0.13411458 0.66157407 0.19427083 0.1712963
0 0.22395833 0.72083336 0.04375 0.24907407
2 0.2234375 0.68472224 0.17291667 0.14537036
2 0.36536458 0.7416667 0.16197917 0.22222222
0 0.49895832 0.6782407 0.00625 0.03425926
0 0.5078125 0.6800926 0.0072916667 0.032407407
2 0.5054687 0.67685187 0.034895834 0.022222223
2 0.484375 0.67453706 0.025 0.021296296
2 0.590625 0.6865741 0.061458334 0.036111113
2 0.5648438 0.6800926 0.047395833 0.037962962
0 0.9497396 0.7212963 0.0234375 0.1037037
