4 0.190625 0.5208333 0.28645834 0.41574073
2 0.3296875 0.6148148 0.033333335 0.062962964
2 0.34479168 0.60231483 0.014583333 0.023148147
2 0.3528646 0.5962963 0.0078125 0.014814815
2 0.36536458 0.5939815 0.0078125 0.013888889
2 0.37604168 0.59768516 0.009375 0.013888889
2 0.39453125 0.6087963 0.019270834 0.026851851
1 0.4309896 0.60833335 0.0036458333 0.018518519
1 0.4484375 0.6166667 0.00625 0.022222223
1 0.44088542 0.6180556 0.005729167 0.026851851
1 0.48072916 0.6337963 0.011458334 0.049074072
1 0.5229167 0.65925926 0.029166667 0.096296296
1 0.5486979 0.65416664 0.018229166 0.08981481
0 0.5932292 0.6388889 0.011458334 0.06481481
