2 0.93046874 0.76898146 0.13697916 0.26574075
2 0.8776042 0.6990741 0.24270834 0.29074073
2 0.778125 0.65833336 0.27395833 0.19074073
1 0.14921875 0.6486111 0.052604165 0.19351852
0 0.20989583 0.6074074 0.016666668 0.096296296
0 0.22994791 0.6162037 0.013020833 0.075
0 0.33203125 0.6226852 0.013020833 0.075
1 0.38776043 0.6166667 0.0140625 0.06481481
2 0.41901043 0.6189815 0.036979165 0.05462963
2 0.47916666 0.6263889 0.042708334 0.060185187
2 0.6111979 0.6263889 0.13489583 0.08611111
2 0.6325521 0.63611114 0.13489583 0.083333336
2 0.6768229 0.64768517 0.1796875 0.11574074
