0 0.6018229 0.60231483 0.011979166 0.06388889
0 0.59166664 0.6032407 0.009375 0.058333334
1 0.5434896 0.61388886 0.015104166 0.046296295
1 0.5395833 0.6162037 0.015625 0.058333334
1 0.5101563 0.6148148 0.0078125 0.02962963
4 0.4796875 0.60231483 0.020833334 0.043518517
2 0.4455729 0.6097222 0.0140625 0.023148147
2 0.4299479 0.6078704 0.0078125 0.013888889
2 0.41979167 0.60833335 0.014583333 0.022222223
2 0.40625 0.6064815 0.008333334 0.016666668
2 0.39739582 0.6101852 0.009375 0.014814815
2 0.38958332 0.60833335 0.009375 0.016666668
3 0.3736979 0.60694444 0.019270834 0.03425926
4 0.26328126 0.5708333 0.13177083 0.23796296
2 0.1890625 0.6402778 0.16354166 0.19537038
2 0.092708334 0.6300926 0.08541667 0.05462963
0 0.05078125 0.6189815 0.008854167 0.039814815
