4 0.086979166 0.5675926 0.17395833 0.37037036
2 0.36354166 0.65324074 0.05625 0.06759259
3 0.46276042 0.6240741 0.053645834 0.12407407
2 0.51953125 0.68333334 0.0921875 0.1388889
2 0.58958334 0.65925926 0.036458332 0.05185185
2 0.56901044 0.64444447 0.011979166 0.018518519
0 0.61067706 0.6550926 0.0078125 0.036111113
1 0.62864584 0.6597222 0.0125 0.047222223
2 0.69322914 0.68425924 0.12083333 0.15925926
1 0.7515625 0.67638886 0.021875 0.108333334
1 0.75911456 0.6828704 0.0234375 0.08981481
1 0.8028646 0.6888889 0.027604166 0.11666667
1 0.81328124 0.6837963 0.0234375 0.108333334
2 0.8286458 0.6712963 0.09791667 0.06666667
1 0.93541664 0.7115741 0.061458334 0.15092592
1 0.90260416 0.7027778 0.047916666 0.11666667
1 0.8778646 0.6958333 0.0421875 0.097222224
2 0.89973956 0.6814815 0.12552084 0.072222225
0 0.9921875 0.6736111 0.015625 0.07685185
