1 0.35572916 0.67546296 0.042708334 0.10092592
2 0.31354168 0.65787035 0.047916666 0.062037036
2 0.35677084 0.6550926 0.03125 0.043518517
2 0.40338543 0.6513889 0.0328125 0.047222223
2 0.5101563 0.6421296 0.019270834 0.028703704
2 0.65833336 0.66851854 0.044791665 0.05925926
2 0.6234375 0.65694445 0.03125 0.05462963
2 0.61302084 0.6587963 0.029166667 0.047222223
0 0.69661456 0.6712963 0.0171875 0.08148148
3 0.94375 0.6351852 0.110416666 0.22037037
1 0.19791667 0.67175925 0.01875 0.073148146
1 0.18020834 0.6662037 0.035416666 0.06759259
0 0.14947917 0.6773148 0.01875 0.08055556
0 0.13645834 0.68194443 0.017708333 0.073148146
0 0.11484375 0.6837963 0.013020833 0.075
0 0.09296875 0.6722222 0.0171875 0.09259259
0 0.03671875 0.68703705 0.0296875 0.12407407
0 0.061458334 0.6759259 0.015625 0.08888889
0 0.0072916667 0.68472224 0.014583333 0.08240741
