3 0.8226563 0.78287035 0.34947917 0.425
2 0.6140625 0.78518516 0.12916666 0.14074074
3 0.55625 0.68796295 0.13229166 0.22962964
2 0.42890626 0.7569444 0.0703125 0.11018518
1 0.37994793 0.7314815 0.028645834 0.05
3 0.3669271 0.70324075 0.013020833 0.028703704
0 0.3518229 0.7324074 0.015104166 0.05740741
0 0.34661457 0.7282407 0.0109375 0.06388889
2 0.28515625 0.72083336 0.061979167 0.047222223
0 0.26979166 0.72407407 0.011458334 0.072222225
0 0.24973959 0.7236111 0.0140625 0.075
3 0.19375 0.6949074 0.077083334 0.075
0 0.21770833 0.724537 0.013541667 0.06759259
0 0.19114584 0.72037035 0.016666668 0.06666667
2 0.140625 0.7324074 0.09791667 0.10555556
3 0.14114584 0.6875 0.08541667 0.07685185
2 0.039322916 0.6949074 0.0671875 0.05277778
