2 0.4388021 0.61851853 0.0703125 0.048148148
2 0.5083333 0.6435185 0.09375 0.14814815
2 0.29088542 0.6263889 0.0703125 0.06944445
0 0.16692708 0.6171296 0.011979166 0.08796296
0 0.12994792 0.6212963 0.0140625 0.1037037
0 0.057552084 0.61527777 0.018229166 0.10462963
0 0.20833333 0.6166667 0.009375 0.087037034
1 0.340625 0.6166667 0.011458334 0.048148148
1 0.5734375 0.6226852 0.013541667 0.058333334
0 0.6234375 0.6175926 0.0125 0.09259259
0 0.8335937 0.63935184 0.033854168 0.18055555
0 0.9591146 0.6171296 0.019270834 0.14722222
0 0.9200521 0.63148147 0.033854168 0.16666667
