0 0.017708333 0.6263889 0.035416666 0.21018519
0 0.121875 0.61851853 0.075 0.24444444
0 0.225 0.62083334 0.035416666 0.20092593
0 0.21822916 0.6180556 0.030208332 0.18796296
1 0.2877604 0.59537035 0.0140625 0.053703703
1 0.325 0.599537 0.016666668 0.05648148
1 0.4205729 0.60925925 0.019270834 0.075925924
1 0.44375 0.60231483 0.011458334 0.050925925
0 0.47395834 0.61203706 0.019791666 0.1
3 0.5018229 0.6037037 0.046354167 0.094444446
2 0.5216146 0.6375 0.08385417 0.12314815
2 0.5684896 0.66944444 0.1390625 0.19814815
3 0.80598956 0.6967593 0.38802084 0.6027778
