2 0.073177084 0.69814813 0.13177083 0.11666667
2 0.14895834 0.69074076 0.08229167 0.08888889
2 0.20208333 0.6875 0.06458333 0.075
2 0.26171875 0.68796295 0.07760417 0.085185185
2 0.29140624 0.66805553 0.034895834 0.07685185
2 0.33671874 0.69027776 0.0796875 0.10462963
2 0.44947916 0.67083335 0.038541667 0.06759259
2 0.42291668 0.675 0.025 0.037037037
1 0.5786458 0.7074074 0.042708334 0.16851851
1 0.50625 0.70555556 0.035416666 0.16851851
2 0.565625 0.69722223 0.077083334 0.08148148
2 0.81041664 0.7259259 0.20416667 0.19444445
