2 0.028125 0.6097222 0.05625 0.05648148
1 0.14348958 0.6087963 0.022395832 0.05277778
1 0.19088541 0.60833335 0.0203125 0.046296295
1 0.24817708 0.6078704 0.024479168 0.050925925
1 0.22005208 0.6064815 0.022395832 0.048148148
0 0.27552083 0.599537 0.015625 0.09166667
2 0.3421875 0.60694444 0.051041666 0.043518517
2 0.3908854 0.6078704 0.047395833 0.041666668
3 0.43958333 0.58518517 0.060416665 0.09259259
2 0.4846354 0.60601854 0.034895834 0.041666668
2 0.5075521 0.6041667 0.024479168 0.032407407
2 0.51979166 0.599537 0.019791666 0.026851851
2 0.5375 0.59814817 0.026041666 0.02962963
1 0.48854166 0.61064816 0.042708334 0.062037036
2 0.5523437 0.59907407 0.0171875 0.022222223
2 0.56875 0.6050926 0.028125 0.032407407
2 0.6195313 0.6027778 0.013020833 0.02037037
1 0.7518229 0.6652778 0.0703125 0.20833333
1 0.85520834 0.67546296 0.088541664 0.24351852
1 0.9013021 0.65462965 0.059895832 0.24444444
