0 0.23385416 0.6148148 0.011458334 0.06666667
0 0.27239582 0.6203704 0.015625 0.06666667
2 0.3033854 0.6078704 0.0546875 0.036111113
0 0.3 0.60833335 0.009375 0.05185185
0 0.3059896 0.61388886 0.0078125 0.05
0 0.31848958 0.61527777 0.0078125 0.04537037
1 0.38359374 0.6041667 0.008854167 0.039814815
2 0.40729168 0.58935183 0.035416666 0.025
3 0.44166666 0.58842593 0.021875 0.049074072
2 0.46953124 0.5935185 0.027604166 0.02037037
2 0.5015625 0.58935183 0.036458332 0.028703704
1 0.51953125 0.60833335 0.008854167 0.031481482
