4 0.111979164 0.61388886 0.22291666 0.12962963
2 0.18151042 0.64305556 0.1171875 0.08796296
1 0.25 0.6458333 0.015625 0.049074072
2 0.31015626 0.64444447 0.0359375 0.048148148
2 0.36796874 0.65324074 0.1171875 0.10092592
4 0.34088543 0.6212963 0.040104166 0.074074075
2 0.4138021 0.63796294 0.0328125 0.055555556
1 0.47395834 0.7449074 0.090625 0.3935185
2 0.58489585 0.6398148 0.06666667 0.055555556
2 0.64453125 0.65231484 0.09427083 0.058333334
2 0.7390625 0.7263889 0.19895834 0.24166666
2 0.88645834 0.73796296 0.22395833 0.51666665
2 0.54895836 0.6462963 0.014583333 0.024074074
2 0.27708334 0.6449074 0.046875 0.04537037
1 0.2734375 0.6435185 0.021875 0.05
2 0.48229167 0.67638886 0.096875 0.15462963
