0 0.045052085 0.65555555 0.016145833 0.044444446
2 0.18046875 0.6925926 0.14427084 0.12407407
2 0.09140625 0.6837963 0.12760417 0.12685186
2 0.28307292 0.66851854 0.055729166 0.055555556
2 0.35 0.66805553 0.048958335 0.05648148
2 0.38645834 0.6625 0.032291666 0.037962962
2 0.40130207 0.65185183 0.019270834 0.031481482
2 0.41666666 0.65555555 0.019791666 0.027777778
2 0.4283854 0.6462963 0.019270834 0.035185184
2 0.43489584 0.6421296 0.017708333 0.032407407
1 0.48828125 0.68703705 0.096354164 0.16296296
2 0.64713544 0.70787036 0.111979164 0.13796297
0 0.7632812 0.67083335 0.011979166 0.06759259
