0 0.098958336 0.6666667 0.021875 0.12407407
0 0.092447914 0.6634259 0.018229166 0.121296294
0 0.14192708 0.6365741 0.011979166 0.05462963
0 0.19192709 0.6791667 0.0171875 0.106481485
0 0.18697916 0.67453706 0.019791666 0.10462963
5 0.48671874 0.69398147 0.049479168 0.097222224
1 0.65416664 0.69074076 0.041666668 0.1
1 0.69114584 0.6898148 0.041666668 0.10555556
1 0.7192708 0.6953704 0.042708334 0.09259259
1 0.74427086 0.69305557 0.036458332 0.10092592
1 0.7789062 0.69166666 0.0296875 0.083333336
1 0.8460938 0.6884259 0.022395832 0.06944445
2 0.9497396 0.6851852 0.0984375 0.12222222
