1 0.21484375 0.68796295 0.027604166 0.11851852
1 0.2966146 0.6791667 0.0109375 0.06388889
1 0.36041668 0.6689815 0.009375 0.047222223
1 0.3216146 0.6722222 0.009895833 0.055555556
0 0.2828125 0.66481483 0.008333334 0.04074074
3 0.4153646 0.6402778 0.0390625 0.09351852
2 0.46380207 0.69398147 0.0890625 0.13611111
3 0.47447917 0.6300926 0.041666668 0.11018518
2 0.5257813 0.6662037 0.028645834 0.037962962
1 0.53255206 0.66851854 0.0109375 0.06111111
1 0.80260414 0.70694447 0.048958335 0.225
2 0.92057294 0.6300926 0.1484375 0.08981481
