2 0.5453125 0.6736111 0.125 0.14351852
2 0.1625 0.6462963 0.060416665 0.096296296
2 0.1140625 0.662963 0.08645833 0.10555556
2 0.048697915 0.6796296 0.09739583 0.14814815
2 0.38697916 0.6263889 0.013541667 0.025
2 0.36875 0.6273148 0.016666668 0.026851851
2 0.33151042 0.6259259 0.009895833 0.016666668
2 0.31432292 0.6273148 0.009895833 0.013888889
2 0.296875 0.6328704 0.01875 0.023148147
1 0.47838542 0.6300926 0.0078125 0.026851851
0 0.45989582 0.6273148 0.0052083335 0.028703704
0 0.74635416 0.6467593 0.032291666 0.12685186
1 0.8247396 0.66805553 0.0359375 0.11574074
1 0.81041664 0.6587963 0.035416666 0.097222224
1 0.9710938 0.6796296 0.0578125 0.14074074
