2 0.090625 0.6199074 0.171875 0.09351852
2 0.065625 0.59166664 0.12604167 0.09259259
2 0.20026042 0.61527777 0.0734375 0.073148146
1 0.24010417 0.62546295 0.026041666 0.08981481
2 0.34713542 0.6324074 0.0703125 0.087037034
2 0.45234376 0.61203706 0.011979166 0.018518519
2 0.44140625 0.61435187 0.0140625 0.021296296
2 0.41328126 0.6189815 0.0328125 0.049074072
2 0.47369793 0.6212963 0.0296875 0.044444446
1 0.5486979 0.6259259 0.013020833 0.05185185
2 0.6716146 0.6402778 0.0828125 0.06388889
2 0.8989583 0.65925926 0.094791666 0.06666667
3 0.47291666 0.59675926 0.027083334 0.062037036
