2 0.06666667 0.6435185 0.042708334 0.035185184
2 0.10572917 0.64166665 0.044791665 0.033333335
2 0.18854167 0.6402778 0.046875 0.030555556
2 0.2453125 0.65925926 0.098958336 0.1
2 0.4127604 0.6402778 0.027604166 0.039814815
2 0.4455729 0.63796294 0.0140625 0.022222223
2 0.4533854 0.64305556 0.0234375 0.039814815
2 0.49453124 0.6013889 0.033854168 0.058333334
2 0.49036458 0.66805553 0.0859375 0.14907408
4 0.55104166 0.6296296 0.036458332 0.06666667
2 0.55052084 0.6458333 0.033333335 0.05648148
1 0.6195313 0.650463 0.0109375 0.03425926
1 0.6390625 0.6458333 0.008333334 0.03425926
0 0.6752604 0.649537 0.0078125 0.03425926
