1 0.047395833 0.6402778 0.016666668 0.047222223
1 0.116145834 0.6402778 0.0125 0.04537037
1 0.096614584 0.6425926 0.011979166 0.037037037
1 0.17473958 0.65092593 0.018229166 0.05740741
2 0.3515625 0.6736111 0.08958333 0.121296294
2 0.41015625 0.6643519 0.049479168 0.073148146
2 0.4309896 0.66018516 0.0296875 0.05
3 0.45052084 0.63055557 0.029166667 0.075925924
3 0.47734374 0.6375 0.0203125 0.05277778
2 0.49817708 0.66805553 0.0546875 0.08796296
1 0.5997396 0.6736111 0.019270834 0.060185187
1 0.5835937 0.66944444 0.016145833 0.055555556
2 0.6075521 0.6666667 0.046354167 0.044444446
1 0.70182294 0.69074076 0.019270834 0.074074075
1 0.72526044 0.6976852 0.033854168 0.10092592
1 0.83671874 0.71018517 0.043229166 0.15
