3 0.809375 0.43148148 0.37916666 0.86296296
2 0.4796875 0.69027776 0.146875 0.21018519
3 0.20494792 0.6273148 0.0859375 0.09537037
1 0.26171875 0.62824076 0.011979166 0.039814815
2 0.29505208 0.6342593 0.043229166 0.048148148
2 0.36223957 0.6310185 0.038020834 0.041666668
2 0.38854167 0.6226852 0.029166667 0.036111113
2 0.41614583 0.61944443 0.019791666 0.027777778
2 0.60859376 0.63611114 0.036979165 0.062962964
2 0.58515626 0.6189815 0.0234375 0.037962962
2 0.55338544 0.6134259 0.015104166 0.023148147
3 0.0234375 0.5611111 0.046875 0.23148148
2 0.5372396 0.62916666 0.0359375 0.049074072
2 0.56953126 0.60462964 0.0109375 0.016666668
