0 0.21770833 0.6564815 0.0125 0.06111111
1 0.23880209 0.65787035 0.015104166 0.05277778
1 0.28515625 0.65555555 0.011979166 0.044444446
2 0.34192708 0.66805553 0.06614583 0.09351852
2 0.41484374 0.6625 0.041145835 0.049074072
2 0.46015626 0.65324074 0.018229166 0.023148147
2 0.4377604 0.65324074 0.011979166 0.017592592
2 0.4934896 0.6722222 0.052604165 0.07962963
2 0.52994794 0.65555555 0.0203125 0.035185184
2 0.5523437 0.6611111 0.043229166 0.06481481
1 0.6234375 0.66064817 0.0125 0.047222223
1 0.6309896 0.66018516 0.009895833 0.044444446
1 0.6893229 0.67314816 0.013020833 0.05740741
0 0.76145834 0.675 0.010416667 0.06111111
0 0.8065104 0.6824074 0.0140625 0.072222225
0 0.86015624 0.6800926 0.016145833 0.08981481
1 0.88125 0.6865741 0.038541667 0.097222224
2 0.9549479 0.67453706 0.0890625 0.11203704
