2 0.9302083 0.599537 0.0072916667 0.010185185
2 0.9145833 0.6 0.0125 0.02037037
3 0.90052086 0.59212965 0.021875 0.039814815
3 0.8804687 0.59074074 0.028645834 0.05185185
2 0.83020836 0.6013889 0.030208332 0.037962962
2 0.759375 0.6134259 0.038541667 0.047222223
2 0.72239584 0.6175926 0.07083333 0.08148148
2 0.66015625 0.6175926 0.09947917 0.11111111
2 0.56458336 0.6240741 0.13854167 0.14074074
0 0.5541667 0.6611111 0.029166667 0.17962962
0 0.47369793 0.6472222 0.06822917 0.22777778
1 0.23776041 0.63148147 0.09947917 0.15
0 0.121875 0.63148147 0.052083332 0.25185186
