1 0.07083333 0.6814815 0.017708333 0.046296295
5 0.11875 0.67314816 0.08020833 0.087037034
2 0.65625 0.65925926 0.034375 0.024074074
3 0.6294271 0.6449074 0.024479168 0.047222223
0 0.2171875 0.66018516 0.008333334 0.02962963
1 0.38463542 0.65787035 0.0067708334 0.025
3 0.47369793 0.6481481 0.0078125 0.018518519
2 0.48177084 0.6564815 0.013541667 0.02037037
2 0.5151042 0.67546296 0.044791665 0.062037036
2 0.5080729 0.65231484 0.024479168 0.049074072
3 0.50625 0.6398148 0.019791666 0.042592593
3 0.43229166 0.6472222 0.016666668 0.031481482
0 0.34791666 0.65555555 0.00625 0.016666668
