1 0.68958336 0.72037035 0.079166666 0.11481482
1 0.5565104 0.70787036 0.0109375 0.049074072
1 0.53776044 0.7060185 0.016145833 0.05648148
1 0.52734375 0.6921296 0.0109375 0.03425926
1 0.5151042 0.69027776 0.0072916667 0.03425926
2 0.45989582 0.6837963 0.016666668 0.025
1 0.44322917 0.7087963 0.067708336 0.117592596
2 0.41796875 0.6962963 0.0546875 0.05185185
2 0.3361979 0.7074074 0.14635417 0.087037034
1 0.26276043 0.70416665 0.071354166 0.108333334
2 0.22864583 0.69861114 0.092708334 0.062037036
1 0.21223958 0.7 0.052604165 0.075925924
1 0.14322917 0.6962963 0.0375 0.072222225
