2 0.07578125 0.6884259 0.1515625 0.2175926
2 0.31796876 0.6800926 0.0859375 0.09907407
2 0.39557293 0.65 0.0484375 0.08148148
2 0.37213543 0.6550926 0.021354167 0.037962962
2 0.4299479 0.6490741 0.0234375 0.037037037
2 0.4450521 0.64537036 0.018229166 0.037037037
3 0.4796875 0.6328704 0.015625 0.036111113
2 0.5190104 0.6865741 0.086979166 0.12685186
2 0.46588543 0.6425926 0.0078125 0.011111111
1 0.68958336 0.65185183 0.01875 0.037037037
1 0.7049479 0.6587963 0.018229166 0.05648148
2 0.7739583 0.69074076 0.10208333 0.096296296
1 0.915625 0.67083335 0.027083334 0.09537037
