2 0.94947916 0.62777776 0.083333336 0.10185185
2 0.8890625 0.62222224 0.083333336 0.08888889
2 0.8169271 0.61944443 0.0703125 0.074074075
2 0.7375 0.61388886 0.077083334 0.044444446
1 0.6033854 0.6527778 0.1046875 0.17962962
1 0.5335938 0.6171296 0.011979166 0.036111113
4 0.50416666 0.5949074 0.0375 0.07685185
2 0.48151043 0.60833335 0.0140625 0.02037037
2 0.46197918 0.60462964 0.014583333 0.024074074
4 0.41015625 0.6009259 0.019270834 0.033333335
2 0.3796875 0.6125 0.035416666 0.04537037
2 0.340625 0.6171296 0.0375 0.047222223
2 0.102604166 0.64768517 0.13020833 0.15833333
