0 0.60807294 0.6587963 0.0234375 0.15277778
0 0.43229166 0.7259259 0.079166666 0.3351852
0 0.48932293 0.6726852 0.041145835 0.20648149
0 0.40260416 0.6638889 0.0375 0.17777778
0 0.37890625 0.6736111 0.0359375 0.17314816
0 0.3390625 0.6898148 0.040625 0.3148148
0 0.2625 0.6638889 0.0375 0.1388889
0 0.21432291 0.6782407 0.0546875 0.28425926
0 0.1953125 0.65925926 0.025 0.14629629
0 0.14010416 0.6828704 0.052083332 0.33425927
0 0.065104164 0.67083335 0.019791666 0.11388889
0 0.0421875 0.6837963 0.035416666 0.23425926
0 0.01953125 0.67083335 0.0359375 0.23055555
