2 0.2877604 0.69074076 0.15260416 0.17962962
2 0.153125 0.65694445 0.11354167 0.06388889
2 0.031510416 0.65694445 0.06302083 0.075
2 0.37760416 0.64305556 0.027083334 0.036111113
2 0.42395833 0.64444447 0.019791666 0.02962963
2 0.46692708 0.6467593 0.027604166 0.037962962
2 0.4763021 0.63842595 0.0171875 0.041666668
2 0.5083333 0.65555555 0.046875 0.06666667
2 0.5494792 0.6462963 0.039583333 0.05925926
4 0.53697914 0.6328704 0.022916667 0.05648148
0 0.6177083 0.6490741 0.008333334 0.05185185
0 0.6453125 0.6513889 0.0072916667 0.062037036
0 0.6557292 0.6560185 0.008333334 0.050925925
2 0.7794271 0.7185185 0.19947916 0.21481481
2 0.9419271 0.70324075 0.09427083 0.21574074
0 0.90052086 0.67685187 0.022916667 0.1574074
1 0.91302085 0.67546296 0.046875 0.15462963
1 0.9653646 0.68935186 0.0640625 0.16944444
0 0.98515624 0.6537037 0.019270834 0.1425926
