4 0.7953125 0.5587963 0.40416667 0.8712963
2 0.47578126 0.7462963 0.0140625 0.024074074
4 0.46328124 0.7268519 0.011979166 0.024074074
4 0.44947916 0.7509259 0.017708333 0.025925925
3 0.43932292 0.72175926 0.008854167 0.019444445
2 0.42421874 0.74351853 0.011979166 0.02037037
2 0.4143229 0.7439815 0.015104166 0.026851851
2 0.40026042 0.7462963 0.021354167 0.03888889
4 0.37864584 0.72175926 0.028125 0.049074072
2 0.38958332 0.75277776 0.027083334 0.04074074
2 0.36536458 0.75324076 0.041145835 0.06388889
2 0.3440104 0.7546296 0.050520834 0.06851852
2 0.3033854 0.76111114 0.06614583 0.08888889
2 0.24921875 0.7550926 0.09739583 0.13425925
2 0.16484375 0.77916664 0.18385416 0.21203704
2 0.043489583 0.7907407 0.08385417 0.29444444
