3 0.045833334 0.6166667 0.09166667 0.21296297
3 0.18098958 0.58287036 0.1859375 0.25462964
3 0.25520834 0.5861111 0.096875 0.11296296
2 0.38020834 0.60601854 0.009375 0.012037037
2 0.4 0.6180556 0.01875 0.026851851
2 0.41197917 0.6097222 0.014583333 0.019444445
2 0.4375 0.61388886 0.015625 0.02037037
2 0.41770834 0.60694444 0.010416667 0.015740741
1 0.4841146 0.6259259 0.0078125 0.031481482
1 0.49296874 0.6212963 0.0067708334 0.027777778
3 0.39609376 0.599537 0.009895833 0.023148147
3 0.4075521 0.59814817 0.009895833 0.022222223
