3 0.23463541 0.61851853 0.0421875 0.05740741
2 0.278125 0.6226852 0.032291666 0.047222223
3 0.29583332 0.61064816 0.032291666 0.039814815
2 0.3234375 0.6236111 0.020833334 0.032407407
3 0.34010416 0.62083334 0.015625 0.028703704
2 0.3828125 0.63148147 0.0375 0.074074075
2 0.4171875 0.6300926 0.026041666 0.037962962
2 0.44453126 0.625 0.027604166 0.06111111
3 0.4684896 0.6171296 0.013020833 0.03425926
3 0.51484376 0.6166667 0.024479168 0.033333335
2 0.5104167 0.64166665 0.034375 0.04074074
3 0.63125 0.587037 0.19166666 0.34814814
2 0.7091146 0.6675926 0.06614583 0.1037037
