1 0.15911458 0.65694445 0.0203125 0.06574074
1 0.203125 0.65555555 0.022916667 0.053703703
1 0.240625 0.6574074 0.0125 0.046296295
1 0.26458332 0.6537037 0.015625 0.046296295
0 0.3 0.6513889 0.009375 0.043518517
2 0.34010416 0.6550926 0.0375 0.049074072
2 0.390625 0.65462965 0.03125 0.044444446
2 0.434375 0.65694445 0.032291666 0.047222223
4 0.42005208 0.63842595 0.028645834 0.04537037
2 0.45104167 0.6550926 0.021875 0.037962962
2 0.5161458 0.65185183 0.011458334 0.024074074
2 0.4752604 0.64305556 0.009895833 0.021296296
2 0.40338543 0.65324074 0.0265625 0.041666668
