4 0.11796875 0.47824073 0.1171875 0.060185187
4 0.27109376 0.44907406 0.18697916 0.09259259
2 0.23046875 0.47407407 0.061979167 0.03888889
2 0.37057292 0.45416668 0.08802083 0.05462963
4 0.4921875 0.43796295 0.19895834 0.085185185
2 0.92552084 0.40648147 0.110416666 0.055555556
2 0.63932294 0.5842593 0.015104166 0.024074074
2 0.67265624 0.63564813 0.047395833 0.032407407
1 0.46875 0.6490741 0.021875 0.05185185
2 0.39166668 0.6342593 0.016666668 0.022222223
2 0.4216146 0.6319444 0.015104166 0.023148147
2 0.40130207 0.6324074 0.015104166 0.022222223
2 0.49583334 0.6240741 0.016666668 0.016666668
2 0.55052084 0.63796294 0.035416666 0.025925925
