2 0.07838542 0.61851853 0.1171875 0.06851852
4 0.040885415 0.5865741 0.08177083 0.10092592
2 0.2591146 0.61527777 0.08802083 0.08425926
2 0.32421875 0.6328704 0.09427083 0.106481485
2 0.40911457 0.63796294 0.14010416 0.20555556
2 0.52213544 0.6097222 0.0359375 0.047222223
2 0.49583334 0.5925926 0.020833334 0.031481482
2 0.62864584 0.6175926 0.125 0.07777778
1 0.709375 0.60694444 0.027083334 0.05648148
1 0.75416666 0.6087963 0.03125 0.047222223
1 0.7757813 0.6032407 0.031770833 0.06388889
4 0.9078125 0.5694444 0.18229167 0.13148148
