2 0.0421875 0.73657405 0.08125 0.073148146
0 0.07890625 0.71712965 0.005729167 0.032407407
0 0.08984375 0.7189815 0.008854167 0.03425926
2 0.122135416 0.7361111 0.06822917 0.05740741
2 0.171875 0.72962964 0.046875 0.035185184
2 0.23177083 0.7398148 0.039583333 0.05
4 0.27161458 0.72314817 0.047395833 0.06851852
3 0.3127604 0.73055553 0.041145835 0.062962964
1 0.40546876 0.73888886 0.019270834 0.033333335
2 0.40052083 0.7375 0.046875 0.030555556
2 0.45911458 0.7430556 0.025520833 0.039814815
0 0.47838542 0.74027777 0.009895833 0.049074072
