0 0.9609375 0.67546296 0.036458332 0.14537036
0 0.92317706 0.6773148 0.027604166 0.14166667
0 0.90494794 0.67777777 0.022395832 0.13518518
0 0.8677083 0.67453706 0.023958333 0.117592596
0 0.7778646 0.6587963 0.019270834 0.09537037
0 0.60234374 0.64305556 0.0078125 0.03425926
2 0.5622396 0.650463 0.040104166 0.058333334
2 0.5424479 0.64074075 0.0234375 0.044444446
2 0.5309896 0.6425926 0.016145833 0.02962963
3 0.52994794 0.625 0.0234375 0.05185185
2 0.49114582 0.66018516 0.058333334 0.085185185
3 0.46510416 0.6300926 0.011458334 0.021296296
1 0.37395832 0.6388889 0.00625 0.027777778
1 0.31145832 0.6462963 0.011458334 0.03888889
0 0.23385416 0.65462965 0.008333334 0.042592593
1 0.21145834 0.65185183 0.014583333 0.05
0 0.013541667 0.6574074 0.016666668 0.062962964
