2 0.056770835 0.837963 0.11354167 0.31851852
1 0.06276042 0.69027776 0.019270834 0.075
1 0.092447914 0.6888889 0.019270834 0.07962963
1 0.115885414 0.69305557 0.022395832 0.06944445
1 0.16197917 0.69074076 0.01875 0.05925926
4 0.2609375 0.6666667 0.09583333 0.12222222
2 0.28489584 0.70324075 0.058333334 0.06759259
2 0.34739584 0.69398147 0.03125 0.04537037
4 0.37265626 0.67638886 0.034895834 0.06759259
2 0.3971354 0.6736111 0.0234375 0.05462963
2 0.42083332 0.69398147 0.044791665 0.06574074
3 0.45625 0.68564814 0.017708333 0.03425926
1 0.72786456 0.7347222 0.044270832 0.15833333
1 0.71875 0.725463 0.038541667 0.11203704
1 0.95963544 0.76111114 0.07760417 0.21851853
