2 0.9302083 0.8203704 0.13958333 0.35925925
2 0.8052083 0.7351852 0.26145834 0.2611111
2 0.66197914 0.63148147 0.15 0.2611111
2 0.59505206 0.6722222 0.071354166 0.1037037
2 0.54296875 0.6574074 0.061979167 0.08148148
3 0.51770836 0.6203704 0.058333334 0.13148148
2 0.45520833 0.6796296 0.1375 0.21666667
4 0.35546875 0.61851853 0.033854168 0.048148148
2 0.38046876 0.63148147 0.019270834 0.02962963
2 0.39583334 0.6337963 0.021875 0.036111113
2 0.34296876 0.6421296 0.0453125 0.06759259
2 0.30989584 0.6324074 0.021875 0.037037037
2 0.28802082 0.63842595 0.035416666 0.05462963
2 0.240625 0.64305556 0.060416665 0.09351852
2 0.119791664 0.6837963 0.23854166 0.28425926
