0 0.24166666 0.6171296 0.019791666 0.12314815
0 0.27630207 0.62546295 0.018229166 0.121296294
0 0.3138021 0.6259259 0.0171875 0.10925926
0 0.37291667 0.6319444 0.01875 0.08981481
2 0.0171875 0.59212965 0.033333335 0.041666668
2 0.48828125 0.6722222 0.21927084 0.15185185
0 0.61015624 0.63935184 0.0546875 0.073148146
0 0.6265625 0.6388889 0.01875 0.1
2 0.67265624 0.6412037 0.0578125 0.06759259
2 0.7283854 0.64166665 0.0609375 0.062962964
2 0.78828126 0.63842595 0.06822917 0.05277778
2 0.8263021 0.63472223 0.0609375 0.058333334
2 0.8596354 0.6375 0.0515625 0.047222223
2 0.8690104 0.62916666 0.055729166 0.049074072
2 0.72447914 0.67314816 0.140625 0.10925926
4 0.9429687 0.6162037 0.11302083 0.18240741
