1 0.030208332 0.6851852 0.027083334 0.087037034
2 0.20442708 0.6597222 0.0359375 0.039814815
2 0.23671874 0.64537036 0.044270832 0.048148148
2 0.3078125 0.662037 0.048958335 0.05740741
2 0.38776043 0.63472223 0.0421875 0.037962962
2 0.35052082 0.6388889 0.033333335 0.031481482
3 0.34791666 0.6240741 0.07395833 0.048148148
1 0.46380207 0.63055557 0.0171875 0.031481482
2 0.5096354 0.6472222 0.0359375 0.04074074
2 0.5388021 0.6490741 0.0421875 0.044444446
2 0.5776042 0.64166665 0.030208332 0.027777778
2 0.6361979 0.62916666 0.0203125 0.021296296
3 0.64166665 0.61203706 0.03125 0.037037037
2 0.60364586 0.6287037 0.014583333 0.016666668
3 0.546875 0.6199074 0.034375 0.047222223
2 0.27109376 0.65 0.0328125 0.033333335
2 0.3 0.63148147 0.03125 0.033333335
2 0.590625 0.62453705 0.014583333 0.019444445
2 0.50208336 0.6226852 0.009375 0.013888889
