5 0.7640625 0.66481483 0.041666668 0.094444446
1 0.7104167 0.65925926 0.029166667 0.085185185
2 0.553125 0.64305556 0.051041666 0.08611111
2 0.503125 0.66712964 0.10729167 0.16203703
2 0.45833334 0.64166665 0.058333334 0.09074074
0 0.30390626 0.60833335 0.0078125 0.042592593
2 0.0484375 0.6074074 0.08958333 0.06481481
0 0.1 0.5972222 0.0125 0.05185185
2 0.4046875 0.6111111 0.017708333 0.031481482
2 0.4171875 0.6134259 0.015625 0.023148147
3 0.46015626 0.61064816 0.027604166 0.05277778
1 0.61302084 0.6189815 0.021875 0.0787037
