0 0.010677083 0.6337963 0.016145833 0.05648148
1 0.21536459 0.65185183 0.016145833 0.06481481
0 0.26171875 0.6472222 0.009895833 0.05740741
0 0.26822916 0.64768517 0.011458334 0.05277778
2 0.32395834 0.67314816 0.09166667 0.12222222
2 0.36041668 0.6662037 0.040625 0.08796296
2 0.37786457 0.6587963 0.0453125 0.0712963
2 0.42604166 0.64444447 0.013541667 0.024074074
2 0.44322917 0.65555555 0.039583333 0.07037037
0 0.7015625 0.6643519 0.016666668 0.060185187
2 0.85052085 0.67175925 0.092708334 0.050925925
