0 0.9731771 0.73657405 0.046354167 0.24166666
2 0.8385417 0.72731483 0.23125 0.2361111
2 0.7054688 0.70648146 0.13385417 0.15
2 0.63645834 0.66805553 0.10104167 0.16203703
1 0.58463544 0.6953704 0.07760417 0.21296297
2 0.56328124 0.6773148 0.047395833 0.075
2 0.51640624 0.66851854 0.028645834 0.05740741
1 0.50572914 0.6805556 0.015625 0.06851852
2 0.49609375 0.662037 0.021354167 0.042592593
2 0.4875 0.66481483 0.019791666 0.033333335
2 0.43541667 0.65787035 0.011458334 0.019444445
2 0.41692707 0.66018516 0.0171875 0.024074074
2 0.39479166 0.6611111 0.017708333 0.024074074
