1 0.64635414 0.6791667 0.008333334 0.043518517
2 0.6203125 0.6800926 0.042708334 0.05462963
1 0.5385417 0.6662037 0.009375 0.032407407
1 0.5265625 0.6675926 0.0125 0.042592593
2 0.46770832 0.67083335 0.084375 0.058333334
2 0.43385416 0.67083335 0.07604167 0.047222223
0 0.37421876 0.66481483 0.009895833 0.062962964
0 0.32447916 0.6699074 0.013541667 0.058333334
2 0.3205729 0.6675926 0.07447917 0.05185185
2 0.28020832 0.6675926 0.077083334 0.05740741
0 0.30078125 0.67083335 0.0171875 0.062037036
0 0.29427084 0.6722222 0.013541667 0.074074075
2 0.14921875 0.75555557 0.29739583 0.4888889
0 0.6765625 0.67083335 0.0072916667 0.036111113
0 0.7171875 0.68101853 0.008333334 0.03425926
0 0.70729166 0.67546296 0.0072916667 0.036111113
