2 0.41197917 0.65462965 0.06875 0.07037037
2 0.4544271 0.6425926 0.025520833 0.03888889
0 0.47057292 0.6421296 0.0078125 0.032407407
2 0.48880208 0.6462963 0.033854168 0.037037037
2 0.50416666 0.63472223 0.021875 0.019444445
2 0.5231771 0.63935184 0.018229166 0.023148147
2 0.5552083 0.64305556 0.028125 0.036111113
2 0.58177084 0.6365741 0.013541667 0.025
0 0.590625 0.6490741 0.011458334 0.05
2 0.59296876 0.64398146 0.0203125 0.030555556
1 0.6140625 0.6560185 0.015625 0.058333334
1 0.721875 0.6550926 0.019791666 0.06944445
