1 0.009375 0.6111111 0.01875 0.098148145
0 0.10703125 0.6078704 0.018229166 0.09351852
1 0.12604167 0.6337963 0.05625 0.13055556
1 0.13854167 0.6486111 0.051041666 0.18611111
1 0.16145833 0.63703704 0.051041666 0.12222222
1 0.36119792 0.6791667 0.0734375 0.18611111
0 0.5286458 0.6449074 0.017708333 0.09907407
0 0.55625 0.65 0.016666668 0.098148145
0 0.6044271 0.650463 0.011979166 0.0712963
2 0.69453126 0.68472224 0.17864583 0.125
0 0.79270834 0.6574074 0.014583333 0.08888889
0 0.8596354 0.65694445 0.0140625 0.08055556
2 0.87708336 0.66157407 0.045833334 0.062037036
2 0.9247396 0.6574074 0.058854166 0.055555556
2 0.9604167 0.6824074 0.078125 0.085185185
