1 0.9565104 0.7972222 0.059895832 0.1537037
1 0.778125 0.78425926 0.03125 0.098148145
0 0.7341146 0.7699074 0.0140625 0.073148146
2 0.6372396 0.7648148 0.11302083 0.14814815
3 0.5697917 0.72268516 0.072916664 0.12685186
2 0.48697916 0.7462963 0.029166667 0.044444446
4 0.49036458 0.7222222 0.043229166 0.072222225
2 0.46875 0.73796296 0.011458334 0.022222223
2 0.44817707 0.7361111 0.0140625 0.02037037
2 0.41302082 0.7407407 0.022916667 0.033333335
2 0.3875 0.7412037 0.035416666 0.049074072
4 0.3546875 0.7189815 0.035416666 0.0712963
2 0.3 0.7490741 0.09791667 0.11851852
2 0.34010416 0.7398148 0.027083334 0.042592593
4 0.26067707 0.70092595 0.13072917 0.16296296
