2 0.9684896 0.8564815 0.06302083 0.28703704
2 0.71744794 0.6675926 0.18697916 0.22037037
2 0.6276042 0.64166665 0.08958333 0.15185185
0 0.58020836 0.64444447 0.021875 0.12592593
2 0.47057292 0.64166665 0.09010417 0.14074074
1 0.4 0.6189815 0.009375 0.028703704
1 0.3815104 0.6180556 0.013020833 0.041666668
1 0.3596354 0.62222224 0.0140625 0.048148148
1 0.2971354 0.63148147 0.019270834 0.083333336
2 0.33125 0.62222224 0.033333335 0.048148148
2 0.25078124 0.6287037 0.0546875 0.083333336
2 0.20442708 0.63842595 0.07760417 0.08611111
3 0.12734374 0.63148147 0.118229166 0.1425926
