1 0.6763021 0.72314817 0.016145833 0.05925926
1 0.6567708 0.7138889 0.011458334 0.04074074
2 0.5619792 0.7087963 0.019791666 0.026851851
2 0.54296875 0.7050926 0.027604166 0.041666668
3 0.5096354 0.6884259 0.044270832 0.049074072
2 0.5101563 0.71481484 0.050520834 0.06111111
3 0.47395834 0.6935185 0.027083334 0.03888889
3 0.4528646 0.69166666 0.0203125 0.035185184
1 0.4231771 0.69953704 0.005729167 0.026851851
1 0.41041666 0.7013889 0.0072916667 0.026851851
2 0.2971354 0.7060185 0.07864583 0.06388889
3 0.08125 0.6638889 0.092708334 0.06111111
1 0.030208332 0.6828704 0.035416666 0.06944445
