2 0.16927083 0.75277776 0.33854166 0.39444444
4 0.15989584 0.5375 0.31979167 0.48981482
2 0.30182293 0.6634259 0.0609375 0.06759259
2 0.42005208 0.66157407 0.07447917 0.06759259
2 0.503125 0.67453706 0.10625 0.13981481
4 0.55598956 0.63611114 0.0328125 0.06666667
2 0.5833333 0.66805553 0.053125 0.073148146
2 0.61145836 0.6638889 0.028125 0.05
2 0.6408854 0.6787037 0.059895832 0.085185185
3 0.63645834 0.62824076 0.036458332 0.08611111
2 0.66796875 0.67083335 0.0296875 0.050925925
3 0.68125 0.6412037 0.019791666 0.050925925
