2 0.08515625 0.6736111 0.0890625 0.15462963
2 0.12135417 0.67083335 0.045833334 0.08425926
3 0.1296875 0.6328704 0.05625 0.117592596
0 0.29895833 0.6203704 0.00625 0.04074074
1 0.30729166 0.6199074 0.010416667 0.039814815
0 0.41015625 0.64166665 0.0078125 0.042592593
2 0.41927084 0.6337963 0.05625 0.049074072
2 0.50703126 0.65092593 0.086979166 0.06666667
2 0.5622396 0.6564815 0.0953125 0.072222225
3 0.6177083 0.6560185 0.10520833 0.0712963
2 0.65208334 0.67685187 0.15729167 0.10925926
2 0.73072916 0.6935185 0.12604167 0.12592593
0 0.7502604 0.6898148 0.033854168 0.11666667
2 0.8403646 0.675 0.2140625 0.16666667
