2 0.5018229 0.712037 0.018229166 0.025925925
2 0.4856771 0.7083333 0.011979166 0.018518519
2 0.4734375 0.7111111 0.019791666 0.02962963
2 0.4453125 0.7212963 0.044791665 0.06111111
2 0.421875 0.7083333 0.017708333 0.037037037
2 0.4065104 0.71712965 0.0296875 0.041666668
2 0.36875 0.7199074 0.044791665 0.05462963
2 0.3234375 0.7111111 0.067708336 0.10185185
2 0.28020832 0.73055553 0.077083334 0.096296296
0 0.28489584 0.7277778 0.026041666 0.12407407
2 0.20442708 0.7324074 0.13385417 0.14629629
1 0.66041666 0.7592593 0.041666668 0.18148148
