3 0.116145834 0.58287036 0.057291668 0.05462963
2 0.16119792 0.59074074 0.0546875 0.04074074
2 0.20364584 0.59305555 0.038541667 0.032407407
2 0.23802084 0.59074074 0.033333335 0.03888889
2 0.3268229 0.599537 0.044270832 0.05277778
2 0.2796875 0.6189815 0.083333336 0.09907407
2 0.41223958 0.650463 0.15052083 0.24351852
2 0.5153646 0.6259259 0.0578125 0.07037037
2 0.5697917 0.63935184 0.0875 0.13981481
1 0.6153646 0.62083334 0.019270834 0.036111113
1 0.63984376 0.62685186 0.018229166 0.042592593
1 0.6958333 0.62546295 0.022916667 0.032407407
0 0.78203124 0.63148147 0.0067708334 0.02962963
1 0.92395836 0.65092593 0.019791666 0.072222225
0 0.9013021 0.63935184 0.011979166 0.06388889
