1 0.014322917 0.6527778 0.028645834 0.11111111
2 0.296875 0.6824074 0.14895834 0.17777778
2 0.38098958 0.66064817 0.0671875 0.09351852
2 0.4440104 0.649537 0.031770833 0.05462963
2 0.42473957 0.63842595 0.025520833 0.041666668
2 0.47708333 0.6337963 0.015625 0.028703704
1 0.5356771 0.65185183 0.011979166 0.05
2 0.5307292 0.63564813 0.05 0.04537037
2 0.5747396 0.65694445 0.046354167 0.060185187
2 0.60234374 0.6699074 0.06302083 0.08055556
2 0.73854166 0.71018517 0.12604167 0.1574074
1 0.64453125 0.650463 0.0078125 0.026851851
1 0.65052086 0.6513889 0.008333334 0.026851851
