1 0.01640625 0.6560185 0.025520833 0.041666668
0 0.111979164 0.66481483 0.013541667 0.05925926
1 0.22317709 0.6773148 0.019270834 0.037962962
1 0.3984375 0.6837963 0.01875 0.030555556
2 0.39479166 0.69398147 0.033333335 0.050925925
2 0.37421876 0.68425924 0.019270834 0.025925925
2 0.47265625 0.7699074 0.18802084 0.25092593
1 0.33385417 0.68333334 0.021875 0.035185184
2 0.7231771 0.73333335 0.071354166 0.06481481
1 0.7361979 0.7425926 0.0359375 0.075925924
1 0.76432294 0.7439815 0.034895834 0.075
3 0.8747396 0.7291667 0.09322917 0.06759259
2 0.8979167 0.7282407 0.06666667 0.06944445
1 0.896875 0.7449074 0.032291666 0.05648148
3 0.96510416 0.71805555 0.06979167 0.08611111
1 0.61015624 0.712037 0.015104166 0.037037037
