2 0.91822916 0.6564815 0.051041666 0.03888889
0 0.8875 0.662963 0.011458334 0.05185185
2 0.8158854 0.65694445 0.0390625 0.036111113
1 0.8307292 0.66064817 0.015625 0.039814815
1 0.6255208 0.6699074 0.019791666 0.05462963
1 0.6098958 0.6689815 0.011458334 0.05277778
1 0.590625 0.6689815 0.0125 0.04537037
1 0.5765625 0.6666667 0.0125 0.048148148
2 0.5216146 0.65694445 0.034895834 0.037962962
2 0.48125 0.64537036 0.07604167 0.17037037
4 0.43567708 0.64537036 0.0296875 0.05185185
2 0.39166668 0.6759259 0.051041666 0.08148148
2 0.35755208 0.68564814 0.080729164 0.108333334
2 0.3122396 0.7046296 0.11302083 0.1574074
2 0.15104167 0.6884259 0.30208334 0.45833334
3 0.41119793 0.64166665 0.0234375 0.05740741
