1 0.7138021 0.67314816 0.019270834 0.075925924
4 0.53125 0.64166665 0.030208332 0.05740741
2 0.5015625 0.66064817 0.032291666 0.049074072
4 0.47473958 0.64398146 0.015104166 0.028703704
2 0.45208332 0.65416664 0.021875 0.030555556
2 0.39479166 0.65185183 0.03125 0.05
2 0.3596354 0.65833336 0.046354167 0.05740741
2 0.28828126 0.6666667 0.07239583 0.074074075
2 0.27421874 0.6574074 0.053645834 0.074074075
0 0.25104168 0.6513889 0.011458334 0.04537037
0 0.20703125 0.6490741 0.0109375 0.046296295
2 0.06302083 0.6666667 0.12291667 0.1425926
0 0.18619792 0.6486111 0.0109375 0.047222223
