0 0.9158854 0.67453706 0.021354167 0.12314815
0 0.7966146 0.6722222 0.034895834 0.17962962
1 0.75078124 0.65694445 0.0359375 0.119444445
2 0.80104166 0.64398146 0.079166666 0.08240741
1 0.7403646 0.65324074 0.055729166 0.073148146
1 0.8328125 0.67777777 0.047916666 0.14074074
0 0.89453125 0.6689815 0.025520833 0.125
2 0.6588542 0.6657407 0.098958336 0.15185185
1 0.0125 0.59814817 0.025 0.09074074
0 0.14635417 0.6032407 0.0125 0.08425926
0 0.119791664 0.58981484 0.013541667 0.06111111
2 0.290625 0.60555553 0.07604167 0.1037037
2 0.3356771 0.60833335 0.027604166 0.044444446
2 0.36171874 0.60555553 0.041145835 0.05925926
2 0.39661458 0.60925925 0.025520833 0.033333335
2 0.4890625 0.6472222 0.08541667 0.13148148
2 0.4622396 0.6259259 0.052604165 0.07037037
1 0.5541667 0.62222224 0.014583333 0.044444446
1 0.6075521 0.6259259 0.016145833 0.053703703
1 0.6984375 0.64074075 0.022916667 0.07777778
