3 0.8979167 0.6726852 0.10208333 0.075
2 0.8299479 0.67777777 0.041145835 0.025925925
0 0.7809896 0.6875 0.0109375 0.05277778
2 0.7875 0.68194443 0.039583333 0.032407407
1 0.71223956 0.70694447 0.027604166 0.09907407
2 0.7091146 0.6759259 0.0390625 0.025925925
2 0.6169271 0.68703705 0.050520834 0.06111111
2 0.5815104 0.7087963 0.071354166 0.10277778
2 0.43072918 0.79583335 0.30104166 0.40462962
2 0.122135416 0.72731483 0.24427083 0.31574073
2 0.253125 0.69398147 0.12291667 0.18611111
3 0.95520836 0.67453706 0.06666667 0.058333334
