2 0.035416666 0.64305556 0.045833334 0.030555556
2 0.13411458 0.65185183 0.052604165 0.031481482
2 0.23151042 0.6699074 0.0484375 0.043518517
2 0.31067708 0.68333334 0.050520834 0.042592593
3 0.4 0.6699074 0.028125 0.05277778
2 0.44036457 0.73935187 0.1203125 0.175
2 0.51145834 0.70092595 0.041666668 0.05
2 0.53333336 0.7046296 0.051041666 0.07777778
2 0.5565104 0.71666664 0.061979167 0.08888889
2 0.6 0.7222222 0.094791666 0.14444445
2 0.6791667 0.7662037 0.19895834 0.20462963
2 0.7872396 0.73703706 0.122395836 0.15555556
2 0.89192706 0.77592593 0.21614583 0.44814816
