0 0.075260416 0.6180556 0.015104166 0.08055556
0 0.083333336 0.61944443 0.010416667 0.074074075
0 0.098958336 0.6162037 0.0072916667 0.06944445
0 0.10546875 0.6162037 0.0078125 0.06574074
0 0.13046876 0.62175924 0.011979166 0.075
0 0.12083333 0.6328704 0.01875 0.08425926
2 0.21276042 0.6560185 0.17239584 0.20833333
2 0.4109375 0.7282407 0.259375 0.3787037
1 0.534375 0.625 0.016666668 0.062962964
0 0.553125 0.62777776 0.014583333 0.05740741
1 0.5835937 0.6342593 0.019270834 0.083333336
2 0.59244794 0.6273148 0.071354166 0.058333334
0 0.68828124 0.59675926 0.0078125 0.047222223
1 0.7171875 0.6587963 0.042708334 0.175
0 0.7953125 0.6097222 0.020833334 0.097222224
