0 0.7765625 0.7569444 0.11770833 0.48240742
0 0.5703125 0.71666664 0.019791666 0.11666667
2 0.46380207 0.6884259 0.0203125 0.026851851
2 0.43072918 0.68564814 0.019791666 0.03425926
2 0.41484374 0.6824074 0.0109375 0.018518519
5 0.38177082 0.6884259 0.054166667 0.097222224
2 0.35416666 0.6824074 0.038541667 0.07037037
1 0.31145832 0.6921296 0.013541667 0.050925925
0 0.29765624 0.7199074 0.0171875 0.10092592
0 0.28125 0.7023148 0.033333335 0.13425925
2 0.19375 0.7037037 0.123958334 0.15555556
2 0.15130208 0.70185184 0.096354164 0.10185185
0 0.0453125 0.67638886 0.026041666 0.106481485
