2 0.10703125 0.66805553 0.21302083 0.24351852
2 0.28515625 0.6550926 0.10572917 0.11018518
2 0.34010416 0.66064817 0.13125 0.1712963
2 0.50651044 0.76435184 0.4265625 0.46944445
2 0.7158854 0.59537035 0.1015625 0.07777778
0 0.803125 0.62453705 0.034375 0.14722222
0 0.8463542 0.62083334 0.030208332 0.15277778
0 0.73854166 0.61851853 0.016666668 0.07777778
1 0.23489584 0.62777776 0.021875 0.037037037
1 0.64921874 0.6097222 0.0234375 0.03425926
0 0.70729166 0.6287037 0.023958333 0.09074074
2 0.9546875 0.6009259 0.08645833 0.053703703
