1 0.012760417 0.6134259 0.025520833 0.04537037
0 0.110416666 0.6148148 0.015625 0.085185185
1 0.16953126 0.63148147 0.0359375 0.1037037
2 0.122395836 0.6157407 0.08229167 0.062962964
1 0.234375 0.6240741 0.033333335 0.048148148
2 0.29947916 0.6171296 0.10208333 0.075
0 0.36041668 0.6199074 0.015625 0.106481485
1 0.4328125 0.62824076 0.06458333 0.09907407
2 0.42864582 0.625 0.090625 0.08148148
2 0.5453125 0.6828704 0.1375 0.20092593
5 0.7476562 0.662037 0.07760417 0.20555556
0 0.8148438 0.6462963 0.0359375 0.1537037
2 0.9614583 0.63703704 0.077083334 0.074074075
2 0.94322914 0.6342593 0.109375 0.06481481
