2 0.059114583 0.68703705 0.118229166 0.14814815
0 0.095052086 0.6564815 0.027604166 0.1425926
0 0.041666668 0.65462965 0.023958333 0.12592593
2 0.38385418 0.6388889 0.090625 0.12407407
2 0.42578125 0.6574074 0.041145835 0.06851852
2 0.47395834 0.6472222 0.035416666 0.033333335
2 0.5033854 0.6513889 0.033854168 0.032407407
2 0.5289062 0.6537037 0.033854168 0.035185184
2 0.5541667 0.65555555 0.030208332 0.04074074
2 0.5841146 0.6564815 0.033854168 0.048148148
2 0.6140625 0.66481483 0.055208333 0.07962963
2 0.9138021 0.7199074 0.17135416 0.19537038
2 0.7986979 0.68101853 0.08385417 0.09351852
2 0.74635416 0.66944444 0.057291668 0.06851852
