2 0.91484374 0.73888886 0.1703125 0.22037037
2 0.6401042 0.6587963 0.065625 0.06759259
3 0.5520833 0.62685186 0.030208332 0.048148148
2 0.04453125 0.6824074 0.0890625 0.07962963
2 0.19427083 0.65092593 0.044791665 0.046296295
3 0.29114583 0.63148147 0.040625 0.037037037
3 0.38125 0.61296296 0.033333335 0.04074074
2 0.434375 0.62685186 0.021875 0.042592593
2 0.45234376 0.6319444 0.028645834 0.06759259
2 0.4765625 0.62777776 0.013541667 0.018518519
2 0.48645833 0.62916666 0.01875 0.026851851
2 0.5044271 0.63055557 0.015104166 0.016666668
3 0.50416666 0.6111111 0.015625 0.03888889
2 0.51484376 0.62083334 0.0078125 0.012037037
