1 0.5502604 0.75648147 0.015104166 0.06666667
1 0.5315104 0.74953705 0.016145833 0.050925925
2 0.4221354 0.7328704 0.0140625 0.025
2 0.40911457 0.7337963 0.0109375 0.013888889
3 0.4075521 0.72268516 0.011979166 0.032407407
2 0.39244792 0.73425925 0.011979166 0.02037037
2 0.3815104 0.73101854 0.013020833 0.021296296
1 0.36822918 0.73703706 0.011458334 0.053703703
3 0.35755208 0.72314817 0.016145833 0.031481482
2 0.34375 0.7347222 0.019791666 0.025
2 0.23723958 0.73425925 0.036979165 0.037037037
0 0.15807292 0.7277778 0.009895833 0.05740741
2 0.09947917 0.72037035 0.048958335 0.031481482
2 0.31640625 0.7277778 0.0171875 0.014814815
