5 0.9809896 0.7449074 0.038020834 0.16203703
2 0.91822916 0.70555556 0.052083332 0.037037037
2 0.5914062 0.6944444 0.069270834 0.06666667
2 0.4841146 0.6958333 0.019270834 0.028703704
2 0.46302083 0.69722223 0.029166667 0.037037037
3 0.43333334 0.6800926 0.009375 0.026851851
2 0.42083332 0.6925926 0.01875 0.027777778
2 0.41197917 0.68472224 0.010416667 0.023148147
2 0.39348957 0.6837963 0.0140625 0.03425926
2 0.38463542 0.6884259 0.022395832 0.032407407
2 0.3596354 0.6898148 0.0546875 0.044444446
3 0.22916667 0.60925925 0.26875 0.28333333
