2 0.08776042 0.65 0.12447917 0.1388889
1 0.1890625 0.6425926 0.027083334 0.1037037
2 0.33880207 0.6967593 0.24322917 0.15648147
1 0.5158854 0.7152778 0.080729164 0.21944444
1 0.5513021 0.67083335 0.050520834 0.10277778
0 0.59765625 0.66944444 0.0265625 0.13518518
0 0.6255208 0.68935186 0.026041666 0.12685186
1 0.69895834 0.70416665 0.096875 0.13796297
0 0.79036456 0.7 0.019270834 0.14444445
1 0.8335937 0.7050926 0.07447917 0.13981481
0 0.865625 0.6976852 0.020833334 0.15462963
2 0.88359374 0.7347222 0.2328125 0.18055555
0 0.6674479 0.68472224 0.022395832 0.11574074
0 0.7182292 0.6787037 0.020833334 0.1037037
