2 0.038020834 0.675 0.07604167 0.107407406
2 0.11380208 0.67685187 0.0765625 0.094444446
2 0.19322917 0.7212963 0.15208334 0.14444445
2 0.2825521 0.7074074 0.091145836 0.10925926
2 0.3356771 0.7013889 0.059895832 0.08796296
2 0.3671875 0.69814813 0.046875 0.072222225
2 0.38984376 0.6935185 0.0390625 0.06481481
2 0.41302082 0.69074076 0.035416666 0.053703703
2 0.42604166 0.68703705 0.03125 0.05185185
2 0.44010416 0.68703705 0.023958333 0.044444446
2 0.45416668 0.6828704 0.021875 0.037962962
2 0.48072916 0.675 0.015625 0.02962963
2 0.49401042 0.675 0.011979166 0.02037037
2 0.50208336 0.67453706 0.010416667 0.017592592
2 0.5572917 0.6736111 0.0125 0.021296296
2 0.5606771 0.6787037 0.013020833 0.022222223
2 0.59791666 0.6925926 0.039583333 0.072222225
2 0.6375 0.7189815 0.071875 0.11388889
2 0.68958336 0.7337963 0.12708333 0.16018519
