2 0.020572918 0.66157407 0.041145835 0.043518517
2 0.03359375 0.6513889 0.052604165 0.047222223
2 0.079166666 0.6527778 0.0625 0.053703703
2 0.1171875 0.6513889 0.0375 0.036111113
0 0.18515626 0.65185183 0.008854167 0.04074074
1 0.203125 0.65787035 0.01875 0.047222223
1 0.2502604 0.65092593 0.013020833 0.046296295
5 0.32916668 0.64537036 0.015625 0.044444446
2 0.50208336 0.65694445 0.045833334 0.06759259
2 0.5450521 0.6462963 0.030729167 0.05185185
2 0.5309896 0.6425926 0.018229166 0.031481482
2 0.5856771 0.67314816 0.0796875 0.12037037
1 0.7885417 0.68564814 0.038541667 0.14537036
0 0.6820313 0.65416664 0.0109375 0.06574074
0 0.8015625 0.6675926 0.022916667 0.10555556
