2 0.08229167 0.6375 0.08020833 0.075
2 0.153125 0.6412037 0.07083333 0.06944445
2 0.20520833 0.650463 0.059375 0.06388889
2 0.24348958 0.6458333 0.050520834 0.058333334
2 0.2640625 0.6449074 0.036458332 0.049074072
2 0.2890625 0.64305556 0.022916667 0.036111113
1 0.3171875 0.6462963 0.013541667 0.053703703
0 0.40911457 0.6435185 0.005729167 0.02962963
2 0.4421875 0.6490741 0.026041666 0.04074074
0 0.6125 0.6513889 0.017708333 0.08055556
0 0.5914062 0.6527778 0.019270834 0.085185185
2 0.8861979 0.6861111 0.22552083 0.43333334
