2 0.079427086 0.6837963 0.15885417 0.30462962
1 0.25885418 0.6328704 0.015625 0.07685185
1 0.2859375 0.62083334 0.013541667 0.049074072
2 0.33411458 0.6259259 0.06614583 0.037037037
2 0.40052083 0.6263889 0.011458334 0.017592592
2 0.4140625 0.6259259 0.013541667 0.02037037
2 0.43177083 0.6351852 0.035416666 0.048148148
2 0.45703125 0.62222224 0.0140625 0.027777778
2 0.4674479 0.6226852 0.0171875 0.03425926
2 0.47109374 0.6328704 0.019270834 0.021296296
2 0.49401042 0.6287037 0.030729167 0.05185185
2 0.50989586 0.64166665 0.038541667 0.05740741
2 0.57421875 0.65416664 0.091145836 0.119444445
2 0.70677084 0.70324075 0.2125 0.22314815
