3 0.16770834 0.5060185 0.33541667 0.98796296
3 0.3502604 0.5763889 0.12447917 0.275
2 0.45416668 0.77916664 0.15625 0.24351852
2 0.47369793 0.65185183 0.06822917 0.083333336
2 0.44765624 0.6287037 0.0390625 0.05
1 0.5630208 0.65185183 0.01875 0.07777778
1 0.54270834 0.6351852 0.0125 0.053703703
1 0.5309896 0.6337963 0.011979166 0.05277778
1 0.5122396 0.6287037 0.011979166 0.05185185
1 0.4997396 0.61944443 0.009895833 0.037037037
0 0.690625 0.62685186 0.0072916667 0.046296295
0 0.7033854 0.62083334 0.0067708334 0.036111113
2 0.7580729 0.6462963 0.059895832 0.05185185
2 0.85 0.6449074 0.09791667 0.06388889
2 0.92838544 0.67777777 0.1328125 0.07962963
