3 0.08984375 0.5685185 0.1796875 0.40185186
3 0.25104168 0.56527776 0.109375 0.18240741
3 0.378125 0.58055556 0.019791666 0.046296295
2 0.4075521 0.59583336 0.0140625 0.017592592
2 0.47057292 0.5925926 0.0171875 0.02037037
2 0.45130208 0.59583336 0.0078125 0.013888889
2 0.49036458 0.5962963 0.0265625 0.046296295
2 0.8796875 0.85694444 0.23854166 0.28425926
2 0.7 0.7361111 0.175 0.18703704
2 0.6171875 0.68425924 0.098958336 0.12777779
2 0.5796875 0.65462965 0.079166666 0.10555556
2 0.54479164 0.6388889 0.057291668 0.075925924
2 0.5286458 0.62824076 0.044791665 0.062037036
2 0.5140625 0.6162037 0.042708334 0.05277778
