3 0.09791667 0.29537037 0.084375 0.074074075
2 0.86875 0.80138886 0.2625 0.3175926
1 0.6716146 0.72175926 0.011979166 0.04537037
1 0.6484375 0.725 0.017708333 0.035185184
1 0.62291664 0.7222222 0.011458334 0.046296295
1 0.6033854 0.7268519 0.009895833 0.035185184
1 0.59453124 0.724537 0.0078125 0.032407407
2 0.5726563 0.73194444 0.043229166 0.0712963
2 0.49921876 0.78981483 0.17447917 0.2574074
3 0.40026042 0.69398147 0.065104164 0.14907408
2 0.37786457 0.74583334 0.09010417 0.108333334
3 0.30390626 0.69398147 0.096354164 0.16203703
2 0.18411459 0.7800926 0.2421875 0.24907407
2 0.04609375 0.7337963 0.0921875 0.13981481
