2 0.3953125 0.65324074 0.053125 0.08425926
2 0.4309896 0.64768517 0.0296875 0.050925925
3 0.48359376 0.6157407 0.019270834 0.048148148
2 0.111979164 0.64305556 0.0875 0.075
2 0.18541667 0.63935184 0.059375 0.06388889
2 0.2765625 0.6398148 0.039583333 0.044444446
2 0.3375 0.62916666 0.017708333 0.026851851
2 0.3684896 0.6328704 0.0234375 0.041666668
2 0.23567708 0.62453705 0.033854168 0.036111113
2 0.029427083 0.6467593 0.058854166 0.06574074
2 0.059375 0.64444447 0.06666667 0.046296295
3 0.4690104 0.6226852 0.0171875 0.041666668
3 0.30104166 0.61064816 0.048958335 0.06759259
2 0.30390626 0.63703704 0.030729167 0.02962963
3 0.89140624 0.6296296 0.09010417 0.06481481
2 0.5648438 0.6259259 0.028645834 0.025925925
2 0.44791666 0.6236111 0.013541667 0.021296296
