2 0.06692708 0.6912037 0.13385417 0.38055557
2 0.19088541 0.65324074 0.20989583 0.25277779
2 0.2984375 0.6342593 0.092708334 0.15925926
2 0.34296876 0.6342593 0.056770835 0.094444446
2 0.39479166 0.6097222 0.013541667 0.021296296
2 0.4265625 0.6125 0.015625 0.021296296
2 0.45052084 0.61527777 0.019791666 0.023148147
4 0.4828125 0.6041667 0.03125 0.060185187
1 0.6536458 0.64768517 0.017708333 0.062037036
1 0.7114583 0.6587963 0.028125 0.08240741
0 0.74348956 0.64305556 0.011979166 0.06574074
1 0.8921875 0.7083333 0.06979167 0.17592593
