1 0.7377604 0.6791667 0.0203125 0.075
1 0.72005206 0.6773148 0.0203125 0.07685185
2 0.5260417 0.6351852 0.015625 0.027777778
2 0.5210937 0.63935184 0.018229166 0.026851851
3 0.49401042 0.6212963 0.0140625 0.031481482
2 0.49140626 0.63148147 0.0140625 0.02037037
2 0.471875 0.6328704 0.013541667 0.017592592
2 0.4596354 0.6296296 0.0140625 0.025925925
2 0.4440104 0.6467593 0.043229166 0.058333334
2 0.4059896 0.625 0.0390625 0.06851852
2 0.37395832 0.6564815 0.08645833 0.10185185
2 0.34869793 0.62777776 0.049479168 0.06111111
2 0.2799479 0.6351852 0.059895832 0.072222225
2 0.2 0.63842595 0.08958333 0.08425926
2 0.046354167 0.63472223 0.09166667 0.060185187
1 0.031770833 0.63611114 0.019791666 0.072222225
