2 0.08619792 0.68472224 0.1671875 0.12314815
0 0.18854167 0.6458333 0.014583333 0.06388889
2 0.23645833 0.66944444 0.090625 0.09074074
2 0.29453126 0.6625 0.056770835 0.06759259
2 0.32421875 0.64768517 0.058854166 0.032407407
0 0.3359375 0.649537 0.014583333 0.049074072
4 0.37916666 0.6342593 0.053125 0.027777778
1 0.365625 0.6560185 0.013541667 0.073148146
0 0.38984376 0.65 0.011979166 0.05185185
0 0.41588542 0.65185183 0.009895833 0.046296295
1 0.45729166 0.6574074 0.019791666 0.062962964
1 0.47760418 0.65185183 0.009375 0.044444446
1 0.52760416 0.65324074 0.022916667 0.047222223
2 0.590625 0.650463 0.051041666 0.03425926
0 0.6294271 0.6689815 0.0203125 0.10092592
2 0.63359374 0.6634259 0.058854166 0.075
2 0.65625 0.6726852 0.059375 0.0787037
2 0.7013021 0.6837963 0.08385417 0.09907407
1 0.7015625 0.6773148 0.04375 0.1712963
2 0.78333336 0.7027778 0.123958334 0.15
2 0.8934896 0.72314817 0.2109375 0.2685185
