2 0.033333335 0.6041667 0.044791665 0.041666668
1 0.14453125 0.61203706 0.0234375 0.046296295
3 0.34166667 0.6064815 0.026041666 0.044444446
2 0.37421876 0.61435187 0.027604166 0.036111113
2 0.40703124 0.6157407 0.046354167 0.04074074
4 0.38697916 0.5962963 0.0375 0.07037037
1 0.30859375 0.6134259 0.0109375 0.036111113
2 0.47083333 0.6125 0.06979167 0.050925925
1 0.46276042 0.6157407 0.015104166 0.048148148
1 0.47473958 0.6259259 0.021354167 0.07037037
2 0.590625 0.6166667 0.06666667 0.048148148
2 0.81354165 0.60925925 0.109375 0.10925926
2 0.8421875 0.6064815 0.119791664 0.1037037
2 0.8921875 0.61064816 0.103125 0.10092592
2 0.97265625 0.5986111 0.0546875 0.15092592
2 0.93619794 0.61064816 0.118229166 0.121296294
