1 0.18854167 0.62777776 0.016666668 0.05925926
1 0.23385416 0.6333333 0.0125 0.055555556
1 0.27942708 0.62685186 0.011979166 0.037037037
2 0.3205729 0.6398148 0.06822917 0.08148148
2 0.3703125 0.62824076 0.029166667 0.036111113
2 0.44817707 0.6328704 0.0234375 0.036111113
2 0.4908854 0.6398148 0.031770833 0.042592593
4 0.48541668 0.587963 0.0125 0.022222223
2 0.47083333 0.59212965 0.009375 0.013888889
1 0.5252604 0.62546295 0.008854167 0.026851851
1 0.63932294 0.6398148 0.011979166 0.046296295
2 0.45598957 0.6259259 0.018229166 0.037037037
