2 0.01484375 0.59768516 0.0296875 0.10277778
2 0.034895834 0.6032407 0.06979167 0.08796296
2 0.06276042 0.60462964 0.086979166 0.07777778
2 0.084895834 0.6037037 0.096875 0.07777778
2 0.123697914 0.5962963 0.0890625 0.075925924
2 0.16953126 0.5902778 0.0890625 0.073148146
2 0.26354167 0.64398146 0.13958333 0.14907408
1 0.3674479 0.6125 0.009895833 0.039814815
1 0.38697916 0.61064816 0.013541667 0.037962962
2 0.41302082 0.61157405 0.025 0.032407407
3 0.4609375 0.57916665 0.048958335 0.10277778
2 0.46015626 0.6199074 0.043229166 0.06574074
2 0.51770836 0.6212963 0.028125 0.03888889
2 0.5513021 0.6296296 0.050520834 0.075925924
