2 0.054947916 0.69074076 0.10989583 0.16666667
2 0.13619791 0.6958333 0.09010417 0.10277778
2 0.28046876 0.67685187 0.0328125 0.044444446
2 0.6096354 0.67453706 0.0359375 0.049074072
2 0.58203125 0.675 0.030729167 0.03888889
1 0.546875 0.68194443 0.013541667 0.04537037
1 0.5317708 0.6782407 0.011458334 0.043518517
2 0.409375 0.6884259 0.044791665 0.058333334
2 0.44166666 0.6782407 0.022916667 0.030555556
2 0.39375 0.6782407 0.023958333 0.041666668
2 0.3356771 0.6759259 0.018229166 0.025925925
2 0.35651043 0.67453706 0.0171875 0.026851851
4 0.3669271 0.6657407 0.021354167 0.04074074
4 0.38880208 0.6643519 0.011979166 0.030555556
