1 0.86588544 0.6689815 0.046354167 0.108333334
2 0.8578125 0.65324074 0.123958334 0.08425926
0 0.7143229 0.62546295 0.008854167 0.05462963
2 0.6033854 0.6421296 0.13072917 0.0787037
2 0.52135414 0.6180556 0.026041666 0.039814815
4 0.47473958 0.5962963 0.015104166 0.02962963
2 0.46588543 0.61296296 0.0171875 0.025925925
2 0.43645832 0.6074074 0.011458334 0.016666668
2 0.4205729 0.6050926 0.0109375 0.013888889
2 0.4065104 0.6009259 0.0078125 0.016666668
3 0.39791667 0.5962963 0.013541667 0.02962963
2 0.31953126 0.6375 0.065104164 0.106481485
2 0.27057293 0.6328704 0.047395833 0.062037036
2 0.17526041 0.63796294 0.0953125 0.14444445
