2 0.11510417 0.69027776 0.23020834 0.23796296
2 0.2565104 0.6657407 0.1328125 0.16296296
2 0.3484375 0.6634259 0.09166667 0.09907407
2 0.45130208 0.67685187 0.09322917 0.11296296
2 0.5054687 0.6574074 0.047395833 0.06666667
2 0.59010416 0.6657407 0.079166666 0.15185185
2 0.53489584 0.65092593 0.029166667 0.044444446
1 0.6658854 0.68796295 0.0421875 0.16481481
1 0.7046875 0.6912037 0.029166667 0.13055556
2 0.9330729 0.68101853 0.1328125 0.13240741
2 0.9018229 0.67314816 0.17135416 0.12222222
2 0.7838542 0.6736111 0.109375 0.06759259
