2 0.09817708 0.62824076 0.1328125 0.08611111
1 0.18776041 0.63611114 0.0390625 0.06851852
2 0.23541667 0.63611114 0.098958336 0.06111111
2 0.32265624 0.6435185 0.06822917 0.072222225
2 0.38463542 0.6310185 0.034895834 0.04537037
2 0.47838542 0.70694447 0.2359375 0.36203703
2 0.6372396 0.67453706 0.116145834 0.13796297
3 0.69453126 0.63055557 0.091145836 0.098148145
1 0.8955729 0.68564814 0.0546875 0.10092592
2 0.9625 0.71435183 0.075 0.19537038
4 0.15625 0.6037037 0.115625 0.06851852
4 0.3203125 0.6064815 0.053125 0.055555556
