0 0.18411459 0.6490741 0.011979166 0.06111111
2 0.23046875 0.6421296 0.0703125 0.049074072
2 0.26171875 0.6412037 0.0609375 0.041666668
2 0.284375 0.63611114 0.05625 0.04074074
2 0.3140625 0.64166665 0.040625 0.02962963
2 0.42083332 0.64305556 0.017708333 0.025
2 0.4690104 0.6462963 0.021354167 0.02962963
2 0.5052083 0.6449074 0.01875 0.026851851
2 0.53046876 0.64444447 0.013020833 0.018518519
1 0.56953126 0.6564815 0.015104166 0.053703703
5 0.61067706 0.6587963 0.027604166 0.05462963
1 0.703125 0.6782407 0.029166667 0.11018518
