1 0.98229164 0.71712965 0.035416666 0.1287037
1 0.6585938 0.6722222 0.0109375 0.042592593
1 0.61302084 0.6657407 0.008333334 0.033333335
2 0.56458336 0.65462965 0.029166667 0.024074074
1 0.53541666 0.65833336 0.0052083335 0.022222223
2 0.5171875 0.6560185 0.014583333 0.023148147
2 0.48619792 0.6652778 0.030729167 0.041666668
4 0.46614584 0.64166665 0.019791666 0.046296295
2 0.45677084 0.6560185 0.019791666 0.028703704
4 0.43151042 0.64074075 0.0140625 0.037037037
4 0.4440104 0.6421296 0.0140625 0.03425926
2 0.014322917 0.6402778 0.028645834 0.05462963
