1 0.19322917 0.69722223 0.046875 0.17962962
1 0.26276043 0.6824074 0.0390625 0.1388889
0 0.23828125 0.650463 0.0140625 0.050925925
0 0.22838542 0.65462965 0.009895833 0.042592593
2 0.309375 0.65694445 0.063541666 0.041666668
1 0.31067708 0.67175925 0.0234375 0.08055556
0 0.3546875 0.66157407 0.019791666 0.11203704
2 0.52916664 0.7763889 0.31145832 0.44166666
2 0.78333336 0.7046296 0.21354167 0.28703704
4 0.6736979 0.63796294 0.16510417 0.09074074
1 0.11145833 0.65694445 0.026041666 0.062037036
5 0.069010414 0.66064817 0.038020834 0.05277778
