2 0.05703125 0.7074074 0.07864583 0.09259259
2 0.09947917 0.7115741 0.08541667 0.108333334
2 0.18671875 0.72268516 0.038020834 0.043518517
3 0.22447917 0.6962963 0.0625 0.107407406
2 0.26666668 0.72268516 0.034375 0.043518517
2 0.290625 0.7222222 0.020833334 0.02962963
2 0.3049479 0.7236111 0.0296875 0.032407407
2 0.49322918 0.7638889 0.09791667 0.14629629
2 0.5877604 0.7462963 0.0703125 0.1
2 0.7325521 0.7625 0.20572917 0.23425926
1 0.8497396 0.7523148 0.0234375 0.08055556
1 0.9166667 0.76296294 0.041666668 0.12407407
