0 0.08828125 0.70694447 0.021354167 0.09907407
0 0.11744792 0.6722222 0.013020833 0.06481481
0 0.13958333 0.67453706 0.013541667 0.060185187
1 0.29192707 0.69074076 0.021354167 0.07962963
0 0.3859375 0.6800926 0.0072916667 0.05462963
2 0.41770834 0.6875 0.045833334 0.06388889
2 0.4856771 0.72314817 0.15052083 0.21481481
2 0.5705729 0.6722222 0.030729167 0.05
4 0.61640626 0.6472222 0.0734375 0.15
1 0.61354166 0.6935185 0.027083334 0.13518518
0 0.65833336 0.67453706 0.0125 0.09351852
0 0.6700521 0.66851854 0.013020833 0.085185185
0 0.684375 0.65787035 0.0072916667 0.075
0 0.6947917 0.6722222 0.017708333 0.09259259
0 0.70963544 0.65324074 0.011979166 0.07685185
0 0.73072916 0.66018516 0.016666668 0.1037037
1 0.7830729 0.7 0.033854168 0.17222223
1 0.77473956 0.66157407 0.024479168 0.08611111
0 0.796875 0.6435185 0.011458334 0.072222225
0 0.8041667 0.65787035 0.0125 0.075
0 0.8184896 0.66944444 0.018229166 0.098148145
0 0.8375 0.66481483 0.019791666 0.11481482
0 0.8734375 0.64444447 0.016666668 0.10555556
1 0.90755206 0.7560185 0.12552084 0.4861111
