1 0.114583336 0.7050926 0.025 0.08611111
2 0.23359375 0.6662037 0.022395832 0.019444445
2 0.2877604 0.6666667 0.0171875 0.018518519
2 0.328125 0.675 0.022916667 0.035185184
2 0.34791666 0.66805553 0.021875 0.021296296
2 0.3828125 0.66944444 0.016666668 0.02037037
2 0.40520832 0.6689815 0.025 0.028703704
0 0.44166666 0.6722222 0.0072916667 0.022222223
2 0.46484375 0.6805556 0.041145835 0.083333336
2 0.48958334 0.6722222 0.023958333 0.05185185
2 0.5111979 0.68101853 0.0328125 0.060185187
2 0.5356771 0.6805556 0.055729166 0.07777778
1 0.7658854 0.6925926 0.038020834 0.09074074
2 0.83385414 0.6949074 0.108333334 0.08981481
2 0.92604166 0.6953704 0.14583333 0.10925926
