2 0.16171876 0.75648147 0.32239583 0.3462963
2 0.29296875 0.662037 0.0296875 0.042592593
2 0.278125 0.6550926 0.029166667 0.05462963
2 0.32552084 0.662037 0.035416666 0.046296295
2 0.36302084 0.6467593 0.036458332 0.037962962
0 0.3734375 0.66805553 0.015625 0.060185187
2 0.38046876 0.65787035 0.028645834 0.025
2 0.42291668 0.65833336 0.015625 0.025925925
2 0.4065104 0.6560185 0.025520833 0.023148147
2 0.45130208 0.662037 0.018229166 0.024074074
2 0.48697916 0.66064817 0.025 0.017592592
1 0.51145834 0.6773148 0.019791666 0.09537037
2 0.575 0.65 0.06666667 0.14074074
