0 0.8434896 0.6773148 0.018229166 0.09166667
1 0.70885414 0.67777777 0.022916667 0.09259259
2 0.5854167 0.6560185 0.054166667 0.08240741
2 0.5627604 0.6574074 0.038020834 0.05925926
2 0.5541667 0.64537036 0.0375 0.06481481
2 0.54114586 0.64305556 0.03125 0.05648148
2 0.5046875 0.6550926 0.039583333 0.06388889
3 0.44791666 0.6097222 0.05 0.12314815
4 0.38958332 0.62314814 0.051041666 0.072222225
0 0.20911458 0.63842595 0.011979166 0.060185187
0 0.19739583 0.6375 0.011458334 0.058333334
0 0.17708333 0.63842595 0.014583333 0.060185187
0 0.14635417 0.6421296 0.0125 0.06759259
0 0.13072917 0.6467593 0.008333334 0.05277778
0 0.104166664 0.6388889 0.011458334 0.074074075
0 0.09375 0.63935184 0.0125 0.0787037
0 0.03515625 0.6398148 0.019270834 0.094444446
0 0.009635417 0.64398146 0.016145833 0.08425926
