2 0.2721354 0.6791667 0.044270832 0.047222223
2 0.2984375 0.675 0.027083334 0.03888889
2 0.32734376 0.66851854 0.041145835 0.06111111
2 0.36354166 0.67083335 0.03125 0.041666668
2 0.37786457 0.6666667 0.025520833 0.037037037
2 0.41510418 0.6662037 0.019791666 0.021296296
3 0.4765625 0.65185183 0.011458334 0.016666668
2 0.46692708 0.66018516 0.0078125 0.0129629625
1 0.62135416 0.6722222 0.0125 0.044444446
2 0.73515624 0.65694445 0.059895832 0.047222223
2 0.7778646 0.65694445 0.071354166 0.05648148
2 0.8328125 0.6527778 0.08958333 0.06481481
2 0.9018229 0.6472222 0.08802083 0.05740741
2 0.94166666 0.6412037 0.077083334 0.050925925
