2 0.054427084 0.7115741 0.10885417 0.22314815
2 0.12890625 0.6625 0.10572917 0.09907407
2 0.22213541 0.662963 0.091145836 0.09259259
2 0.32317707 0.64166665 0.0453125 0.062962964
2 0.34895834 0.6351852 0.025 0.037037037
2 0.28828126 0.63148147 0.025520833 0.018518519
3 0.45729166 0.4398148 0.24270834 0.69074076
2 0.61354166 0.65555555 0.08645833 0.11111111
1 0.6580729 0.6333333 0.011979166 0.046296295
2 0.71223956 0.63472223 0.0703125 0.047222223
2 0.80078125 0.62916666 0.053645834 0.037962962
2 0.9872396 0.6041667 0.024479168 0.028703704
