4 0.16640624 0.49953705 0.33177084 0.9990741
2 0.4856771 0.7763889 0.31822917 0.43055555
4 0.38385418 0.6041667 0.12083333 0.18425927
1 0.6466146 0.6513889 0.036979165 0.08611111
2 0.6638021 0.65416664 0.102604166 0.0712963
1 0.959375 0.80925924 0.08125 0.37777779
1 0.8518229 0.74351853 0.0984375 0.38518518
1 0.8049479 0.6643519 0.028645834 0.09166667
1 0.7729167 0.6472222 0.026041666 0.05740741
0 0.7114583 0.6490741 0.0125 0.05740741
0 0.7028646 0.6462963 0.0109375 0.05925926
0 0.69375 0.6435185 0.010416667 0.05185185
0 0.9921875 0.6421296 0.014583333 0.11388889
