1 0.16536458 0.74027777 0.0328125 0.09351852
1 0.23333333 0.73796296 0.030208332 0.083333336
2 0.97291666 0.724537 0.054166667 0.043518517
2 0.9315104 0.7212963 0.07447917 0.05740741
0 0.884375 0.724537 0.010416667 0.05462963
2 0.89713544 0.71435183 0.086979166 0.06759259
1 0.81901044 0.7222222 0.0234375 0.042592593
2 0.7135417 0.71342593 0.028125 0.049074072
2 0.6145833 0.7152778 0.009375 0.012037037
2 0.60729164 0.712963 0.009375 0.014814815
2 0.57942706 0.7175926 0.0140625 0.022222223
2 0.58723956 0.7199074 0.0171875 0.025
