4 0.246875 0.4513889 0.12604167 0.08425926
3 0.29010418 0.45277777 0.12708333 0.075925924
3 0.9692708 0.37824073 0.061458334 0.10277778
1 0.7523438 0.6490741 0.022395832 0.075925924
2 0.72864586 0.6319444 0.045833334 0.032407407
1 0.69114584 0.64768517 0.01875 0.06388889
1 0.5385417 0.6310185 0.0052083335 0.025
2 0.5052083 0.63564813 0.020833334 0.03425926
2 0.50989586 0.6342593 0.016666668 0.031481482
2 0.49401042 0.6259259 0.009895833 0.016666668
3 0.4763021 0.6212963 0.0078125 0.016666668
2 0.4127604 0.6375 0.024479168 0.036111113
2 0.38046876 0.6388889 0.0203125 0.027777778
2 0.39635417 0.6328704 0.013541667 0.023148147
2 0.4296875 0.6287037 0.011458334 0.016666668
