2 0.9710938 0.7972222 0.0578125 0.12777779
2 0.8854167 0.7685185 0.190625 0.15
1 0.7544271 0.78333336 0.044270832 0.17407407
0 0.6997396 0.7430556 0.013020833 0.06944445
0 0.68541664 0.74583334 0.011458334 0.07685185
0 0.66796875 0.7476852 0.0140625 0.0712963
0 0.65755206 0.7462963 0.011979166 0.083333336
0 0.6177083 0.74814814 0.011458334 0.07777778
1 0.5828125 0.7550926 0.023958333 0.08981481
1 0.54895836 0.7476852 0.014583333 0.05648148
4 0.5083333 0.7092593 0.015625 0.022222223
2 0.49036458 0.7115741 0.0109375 0.019444445
2 0.48046875 0.7189815 0.019270834 0.026851851
2 0.4611979 0.71712965 0.016145833 0.023148147
4 0.43255207 0.7060185 0.0390625 0.05648148
2 0.40989584 0.71435183 0.028125 0.041666668
2 0.37265626 0.7263889 0.027604166 0.03425926
3 0.34947917 0.71574074 0.053125 0.05740741
3 0.28541666 0.68796295 0.11145833 0.12962963
2 0.21875 0.72731483 0.057291668 0.06759259
2 0.123697914 0.7893519 0.2421875 0.27314815
3 0.10338542 0.662037 0.20677084 0.26481482
