0 0.009895833 0.68796295 0.019791666 0.27037036
0 0.0984375 0.7 0.052083332 0.2574074
1 0.22447917 0.66944444 0.040625 0.15185185
5 0.25494793 0.6800926 0.0640625 0.20092593
1 0.3127604 0.64537036 0.0140625 0.06666667
2 0.35546875 0.6324074 0.0078125 0.011111111
3 0.38203126 0.6300926 0.009895833 0.019444445
2 0.4265625 0.67777777 0.12604167 0.13333334
2 0.48255208 0.6458333 0.030729167 0.039814815
2 0.62708336 0.6435185 0.16354166 0.16851851
2 0.72265625 0.6759259 0.12760417 0.08148148
2 0.87109375 0.6782407 0.1171875 0.08055556
1 0.9356771 0.6837963 0.028645834 0.047222223
