2 0.178125 0.6287037 0.18541667 0.11851852
2 0.19479166 0.6273148 0.15625 0.10092592
2 0.035416666 0.63703704 0.07083333 0.074074075
2 0.052083332 0.62777776 0.08125 0.07037037
2 0.40208334 0.62175924 0.033333335 0.047222223
1 0.33020833 0.6236111 0.013541667 0.043518517
1 0.31328124 0.62453705 0.0109375 0.043518517
1 0.34661457 0.6226852 0.011979166 0.041666668
3 0.4143229 0.6078704 0.0296875 0.05277778
2 0.4763021 0.6398148 0.1140625 0.06851852
2 0.50078124 0.63935184 0.100520834 0.060185187
2 0.4484375 0.6157407 0.021875 0.04074074
2 0.5078125 0.6212963 0.025 0.05185185
1 0.6377604 0.64444447 0.0078125 0.037037037
2 0.7007812 0.6550926 0.11927083 0.06759259
3 0.73020834 0.6236111 0.15208334 0.13055556
2 0.865625 0.6652778 0.13541667 0.08796296
2 0.87291664 0.6157407 0.17083333 0.13333334
