1 0.4921875 0.76203704 0.016666668 0.072222225
1 0.47890624 0.76064813 0.009895833 0.041666668
2 0.42604166 0.7560185 0.027083334 0.043518517
2 0.41822916 0.7546296 0.022916667 0.035185184
4 0.36822918 0.7314815 0.045833334 0.074074075
1 0.24661459 0.7509259 0.015104166 0.08148148
2 0.22604166 0.7300926 0.030208332 0.039814815
2 0.19427083 0.7287037 0.026041666 0.031481482
2 0.16796875 0.7259259 0.025520833 0.031481482
0 0.15 0.7287037 0.0125 0.06481481
0 0.067447916 0.72037035 0.016145833 0.09259259
2 0.39375 0.74722224 0.027083334 0.024074074
