0 0.02421875 0.6050926 0.0453125 0.2175926
2 0.128125 0.7236111 0.25520834 0.38981482
2 0.2721354 0.6449074 0.1296875 0.19351852
2 0.328125 0.6375 0.075 0.11203704
2 0.34166667 0.6310185 0.07083333 0.09907407
1 0.39453125 0.6097222 0.008854167 0.032407407
2 0.409375 0.61064816 0.022916667 0.030555556
2 0.44739583 0.62083334 0.057291668 0.06944445
1 0.46979168 0.7125 0.10729167 0.3398148
1 0.5885417 0.6912037 0.059375 0.28055555
0 0.6117188 0.6212963 0.015104166 0.08888889
0 0.8434896 0.6425926 0.0328125 0.17592593
