1 0.37578124 0.6828704 0.033854168 0.0787037
1 0.47760418 0.68472224 0.021875 0.06574074
1 0.5125 0.6805556 0.016666668 0.06851852
1 0.5815104 0.6782407 0.013020833 0.05462963
1 0.60520834 0.68425924 0.013541667 0.05185185
1 0.6515625 0.6828704 0.009375 0.043518517
2 0.6958333 0.6736111 0.071875 0.10277778
4 0.8489583 0.67453706 0.0125 0.025
2 0.8169271 0.6814815 0.022395832 0.035185184
2 0.79479164 0.68472224 0.025 0.037962962
2 0.7760417 0.6861111 0.038541667 0.053703703
4 0.87578124 0.6703704 0.0421875 0.06481481
2 0.9091146 0.7013889 0.047395833 0.06574074
2 0.9419271 0.8185185 0.1140625 0.35555556
