0 0.9794271 0.75046295 0.034895834 0.16203703
2 0.82239586 0.73194444 0.14166667 0.14166667
2 0.7234375 0.7013889 0.0875 0.106481485
3 0.69166666 0.6564815 0.090625 0.15185185
2 0.6486979 0.68703705 0.0421875 0.06851852
2 0.5981771 0.6925926 0.058854166 0.083333336
2 0.5783854 0.6837963 0.034895834 0.06574074
2 0.5471354 0.66481483 0.0140625 0.027777778
2 0.5210937 0.66805553 0.025520833 0.026851851
2 0.46770832 0.6675926 0.041666668 0.031481482
2 0.4375 0.6652778 0.058333334 0.037962962
2 0.3796875 0.67175925 0.058333334 0.097222224
0 0.31744793 0.66157407 0.0171875 0.060185187
0 0.22838542 0.65092593 0.0046875 0.031481482
1 0.21354167 0.65185183 0.0125 0.031481482
2 0.025260417 0.63148147 0.050520834 0.10555556
