2 0.044791665 0.67083335 0.08958333 0.16203703
2 0.12135417 0.6865741 0.18854167 0.14351852
2 0.29765624 0.6472222 0.036979165 0.031481482
1 0.36302084 0.6574074 0.020833334 0.072222225
2 0.9002604 0.78287035 0.1984375 0.43425927
2 0.7731771 0.7115741 0.18802084 0.22870371
2 0.69661456 0.6824074 0.1421875 0.14444445
2 0.6388021 0.662037 0.1046875 0.12407407
2 0.58463544 0.6611111 0.07760417 0.08148148
2 0.5484375 0.65833336 0.058333334 0.06666667
2 0.5122396 0.65462965 0.053645834 0.05740741
2 0.47708333 0.6490741 0.05 0.055555556
2 0.44921875 0.6513889 0.043229166 0.043518517
2 0.41979167 0.65 0.039583333 0.04074074
2 0.38776043 0.64768517 0.038020834 0.043518517
2 0.3502604 0.64768517 0.049479168 0.03425926
