0 0.00859375 0.6212963 0.0171875 0.11296296
2 0.05234375 0.5648148 0.102604166 0.098148145
0 0.08151042 0.59583336 0.0296875 0.16388889
0 0.08619792 0.5810185 0.0328125 0.16018519
0 0.14791666 0.58842593 0.033333335 0.15648147
2 0.27838543 0.6032407 0.17864583 0.22870371
1 0.39375 0.600463 0.019791666 0.06944445
1 0.43359375 0.58981484 0.011979166 0.031481482
2 0.46875 0.58935183 0.013541667 0.021296296
2 0.4596354 0.5875 0.0109375 0.012037037
1 0.51197916 0.60555553 0.011458334 0.05
1 0.51979166 0.6097222 0.011458334 0.05277778
1 0.5513021 0.61157405 0.015104166 0.075
0 0.56171876 0.6240741 0.021354167 0.08888889
2 0.68072915 0.6412037 0.109375 0.13611111
2 0.6346354 0.63611114 0.069270834 0.096296296
2 0.6127604 0.6148148 0.0734375 0.107407406
2 0.5700521 0.6125 0.041145835 0.06574074
2 0.54765624 0.6078704 0.031770833 0.050925925
