2 0.06328125 0.6212963 0.11302083 0.11296296
2 0.24947916 0.6134259 0.045833334 0.05277778
1 0.25703126 0.62222224 0.025520833 0.09074074
1 0.3033854 0.6125 0.008854167 0.037962962
4 0.390625 0.60462964 0.014583333 0.035185184
2 0.38098958 0.6134259 0.011979166 0.019444445
2 0.38828126 0.61435187 0.013020833 0.021296296
2 0.41354167 0.6171296 0.017708333 0.021296296
1 0.42395833 0.61851853 0.008333334 0.024074074
1 0.45416668 0.6212963 0.00625 0.031481482
2 0.45052084 0.61944443 0.027083334 0.022222223
1 0.50208336 0.6375 0.019791666 0.075
2 0.86875 0.72962964 0.26145834 0.32777777
0 0.7763021 0.62546295 0.0078125 0.058333334
2 0.68828124 0.6300926 0.0703125 0.05462963
2 0.61848956 0.6199074 0.061979167 0.05648148
2 0.5835937 0.6212963 0.047395833 0.044444446
2 0.5601562 0.61944443 0.0390625 0.037037037
2 0.5466146 0.6175926 0.033854168 0.031481482
