0 0.88645834 0.6888889 0.038541667 0.18333334
0 0.7554687 0.68564814 0.0140625 0.0712963
1 0.49401042 0.6921296 0.0067708334 0.030555556
2 0.4640625 0.6898148 0.011458334 0.016666668
2 0.44947916 0.6898148 0.017708333 0.024074074
2 0.42760417 0.6888889 0.020833334 0.02962963
2 0.39322916 0.6925926 0.025 0.033333335
2 0.34739584 0.6962963 0.034375 0.04074074
2 0.30104166 0.68564814 0.0625 0.08425926
0 0.22447917 0.6824074 0.009375 0.062962964
2 0.21484375 0.6888889 0.07760417 0.055555556
2 0.0859375 0.6828704 0.08020833 0.075
2 0.024479168 0.6782407 0.048958335 0.09351852
