2 0.09453125 0.7398148 0.1890625 0.52037036
2 0.122395836 0.67685187 0.15729167 0.15925926
2 0.20703125 0.63611114 0.0640625 0.04074074
2 0.28671876 0.65185183 0.100520834 0.11111111
2 0.346875 0.6634259 0.13854167 0.17314816
3 0.35625 0.5972222 0.047916666 0.075925924
2 0.4294271 0.62083334 0.027604166 0.04537037
2 0.5132812 0.7185185 0.20677084 0.29444444
1 0.6502604 0.6125 0.0140625 0.04537037
1 0.6716146 0.61388886 0.009895833 0.04074074
1 0.6869792 0.61203706 0.01875 0.042592593
0 0.71015626 0.59212965 0.005729167 0.028703704
2 0.9559896 0.59768516 0.086979166 0.05462963
2 0.5932292 0.5986111 0.011458334 0.013888889
2 0.9216146 0.6009259 0.09322917 0.05
