1 0.27526042 0.61203706 0.011979166 0.042592593
2 0.32578126 0.62222224 0.0578125 0.075925924
2 0.34895834 0.60833335 0.033333335 0.048148148
2 0.41510418 0.59907407 0.022916667 0.033333335
2 0.375 0.5949074 0.03125 0.023148147
2 0.39270833 0.59583336 0.025 0.019444445
2 0.4328125 0.5935185 0.013541667 0.02037037
2 0.45052084 0.59537035 0.017708333 0.022222223
3 0.50390625 0.5685185 0.046354167 0.12592593
2 0.49713543 0.61851853 0.049479168 0.08888889
3 0.53489584 0.5763889 0.039583333 0.08425926
2 0.55885416 0.61435187 0.045833334 0.0712963
