2 0.13932292 0.72314817 0.2609375 0.17037037
2 0.12552084 0.70555556 0.15833333 0.16481481
2 0.23671874 0.69027776 0.091145836 0.08425926
2 0.31666666 0.6912037 0.09166667 0.075
2 0.3984375 0.6884259 0.06666667 0.060185187
0 0.28541666 0.6675926 0.017708333 0.055555556
2 0.44348958 0.6875 0.0546875 0.05462963
2 0.5096354 0.69166666 0.069270834 0.09259259
2 0.5578125 0.6912037 0.04375 0.05462963
2 0.59791666 0.6805556 0.023958333 0.037037037
1 0.6510417 0.73703706 0.055208333 0.20555556
2 0.94166666 0.787037 0.114583336 0.37962964
2 0.7986979 0.7259259 0.0984375 0.11851852
2 0.765625 0.7125 0.072916664 0.08796296
2 0.7375 0.7037037 0.054166667 0.074074075
2 0.7125 0.6944444 0.042708334 0.06666667
2 0.7015625 0.6935185 0.041666668 0.05185185
