2 0.12994792 0.78564817 0.25989583 0.4287037
2 0.39270833 0.8800926 0.415625 0.23981482
1 0.80338544 0.8365741 0.1046875 0.30833334
1 0.7942708 0.7449074 0.06875 0.20277777
1 0.85729164 0.7453704 0.059375 0.19814815
1 0.7440104 0.7050926 0.0640625 0.16018519
3 0.72864586 0.6273148 0.20416667 0.13611111
3 0.24635416 0.56898147 0.14375 0.20648149
1 0.51197916 0.6296296 0.01875 0.07037037
1 0.5669271 0.62916666 0.022395832 0.06944445
2 0.9533854 0.67638886 0.0921875 0.11018518
3 0.384375 0.5833333 0.042708334 0.10555556
1 0.21614583 0.65925926 0.060416665 0.11111111
3 0.44166666 0.5856481 0.025 0.060185187
4 0.41588542 0.5861111 0.022395832 0.05
