1 0.059114583 0.60925925 0.0265625 0.062962964
1 0.09322917 0.61064816 0.025 0.05462963
1 0.1296875 0.6097222 0.026041666 0.062037036
1 0.18567708 0.60694444 0.024479168 0.058333334
1 0.21848959 0.6097222 0.024479168 0.047222223
2 0.27421874 0.60833335 0.061979167 0.05
0 0.27734375 0.60231483 0.018229166 0.08981481
2 0.353125 0.60833335 0.04375 0.042592593
2 0.37135416 0.6087963 0.051041666 0.043518517
3 0.43177083 0.5837963 0.0625 0.09351852
2 0.4796875 0.6078704 0.0375 0.041666668
2 0.50625 0.6050926 0.029166667 0.032407407
2 0.5208333 0.60231483 0.019791666 0.025
2 0.53697914 0.599537 0.023958333 0.028703704
2 0.55625 0.6018519 0.021875 0.025925925
2 0.57161456 0.6009259 0.0171875 0.018518519
1 0.67395836 0.62546295 0.030208332 0.108333334
5 0.73229164 0.6666667 0.083333336 0.21481481
1 0.7494792 0.61203706 0.046875 0.1037037
0 0.7807292 0.61851853 0.014583333 0.053703703
1 0.8833333 0.6773148 0.096875 0.24907407
