2 0.31640625 0.6337963 0.0609375 0.036111113
2 0.38098958 0.6375 0.036979165 0.05462963
3 0.42760417 0.6064815 0.01875 0.048148148
2 0.46197918 0.65462965 0.053125 0.083333336
2 0.50911456 0.6287037 0.041145835 0.033333335
2 0.5552083 0.6564815 0.051041666 0.072222225
2 0.6018229 0.67175925 0.07760417 0.11388889
2 0.6664063 0.7074074 0.12135417 0.15
2 0.8119792 0.7949074 0.259375 0.25648147
2 0.7856771 0.68472224 0.1265625 0.11203704
2 0.92604166 0.7652778 0.146875 0.22314815
2 0.6893229 0.6625 0.075520836 0.08425926
2 0.7372396 0.6189815 0.050520834 0.032407407
2 0.8375 0.6157407 0.045833334 0.027777778
