2 0.02265625 0.6365741 0.0453125 0.04537037
2 0.23697917 0.6736111 0.10625 0.09351852
2 0.40416667 0.65462965 0.034375 0.044444446
2 0.45052084 0.6587963 0.029166667 0.03425926
2 0.509375 0.65787035 0.04375 0.028703704
2 0.36901042 0.6472222 0.034895834 0.022222223
2 0.4856771 0.65092593 0.0140625 0.016666668
2 0.6117188 0.6587963 0.053645834 0.039814815
2 0.5622396 0.65555555 0.013020833 0.016666668
3 0.7190104 0.45231482 0.3078125 0.10462963
2 0.4294271 0.6486111 0.0171875 0.021296296
2 0.4700521 0.6490741 0.0140625 0.018518519
