2 0.11744792 0.64074075 0.069270834 0.11851852
2 0.12760417 0.6111111 0.047916666 0.094444446
0 0.25677082 0.6037037 0.009375 0.035185184
1 0.2658854 0.6037037 0.0078125 0.035185184
2 0.36901042 0.6162037 0.0296875 0.043518517
0 0.353125 0.6171296 0.00625 0.03425926
2 0.44635418 0.6287037 0.06979167 0.05740741
2 0.4934896 0.6287037 0.06822917 0.05740741
2 0.5208333 0.6310185 0.07395833 0.058333334
0 0.55677086 0.63564813 0.11666667 0.062037036
0 0.603125 0.65416664 0.019791666 0.09907407
2 0.6856771 0.6375 0.13697916 0.11203704
