2 0.018489582 0.6962963 0.036979165 0.18703704
1 0.05859375 0.6773148 0.0390625 0.062037036
2 0.27916667 0.6814815 0.05625 0.046296295
2 0.39322916 0.67546296 0.033333335 0.04537037
2 0.4065104 0.6675926 0.0296875 0.053703703
2 0.47369793 0.7023148 0.1109375 0.19166666
2 0.55390626 0.6949074 0.049479168 0.0787037
1 0.60546875 0.69074076 0.0109375 0.04074074
1 0.6929687 0.70787036 0.033854168 0.06574074
0 0.72786456 0.6967593 0.011979166 0.06759259
1 0.74140626 0.7175926 0.0234375 0.06666667
2 0.9377604 0.7175926 0.1234375 0.10555556
