2 0.9643229 0.7912037 0.071354166 0.41759259
0 0.6666667 0.63148147 0.011458334 0.05740741
2 0.61927086 0.62083334 0.077083334 0.06759259
2 0.590625 0.6212963 0.058333334 0.05740741
0 0.5203125 0.6157407 0.008333334 0.04074074
2 0.40338543 0.6342593 0.0921875 0.1537037
2 0.31848958 0.60833335 0.0234375 0.031481482
1 0.29322916 0.61296296 0.013541667 0.05185185
2 0.29791668 0.6111111 0.029166667 0.037037037
1 0.24765626 0.6111111 0.0296875 0.08888889
2 0.234375 0.6064815 0.060416665 0.072222225
0 0.16588542 0.59907407 0.0109375 0.06851852
1 0.109375 0.625 0.040625 0.14629629
2 0.029947916 0.61435187 0.058854166 0.15462963
