3 0.047916666 0.58148146 0.09583333 0.17037037
2 0.42135417 0.6490741 0.03125 0.02962963
2 0.48072916 0.65324074 0.023958333 0.032407407
2 0.46796876 0.6490741 0.021354167 0.031481482
2 0.50625 0.65416664 0.027083334 0.037962962
2 0.5395833 0.66712964 0.04375 0.06759259
2 0.57395834 0.6722222 0.06458333 0.085185185
2 0.603125 0.68472224 0.08541667 0.11203704
2 0.68958336 0.7111111 0.14479166 0.17037037
2 0.84791666 0.7560185 0.303125 0.30833334
2 0.31848958 0.6435185 0.019270834 0.02037037
2 0.29479167 0.64305556 0.01875 0.021296296
