2 0.019010417 0.6726852 0.038020834 0.175
0 0.071875 0.6087963 0.016666668 0.09537037
2 0.1390625 0.6328704 0.110416666 0.11203704
2 0.24557291 0.65462965 0.1359375 0.1574074
2 0.32135418 0.6166667 0.029166667 0.035185184
1 0.37083334 0.6162037 0.0125 0.041666668
2 0.38828126 0.6101852 0.0109375 0.02037037
1 0.359375 0.6125 0.00625 0.028703704
4 0.4153646 0.6032407 0.011979166 0.028703704
2 0.4216146 0.61296296 0.022395832 0.02037037
2 0.45130208 0.6148148 0.0265625 0.016666668
2 0.46692708 0.61527777 0.005729167 0.023148147
1 0.4830729 0.6171296 0.0067708334 0.032407407
2 0.484375 0.61527777 0.021875 0.023148147
1 0.5138021 0.63148147 0.0203125 0.07777778
2 0.5572917 0.6134259 0.038541667 0.026851851
2 0.6041667 0.61157405 0.046875 0.043518517
2 0.63854164 0.64444447 0.09375 0.11481482
2 0.8776042 0.6759259 0.24479167 0.2574074
