0 0.011458334 0.6175926 0.021875 0.10555556
2 0.22838542 0.6388889 0.09010417 0.11481482
3 0.36354166 0.5648148 0.09791667 0.20925926
2 0.47057292 0.59907407 0.0828125 0.18333334
2 0.60625 0.6402778 0.08229167 0.10277778
2 0.57734376 0.61203706 0.0578125 0.098148145
2 0.5591146 0.6009259 0.055729166 0.06851852
4 0.5278646 0.5611111 0.031770833 0.06851852
2 0.89635414 0.59583336 0.13020833 0.08796296
2 0.8065104 0.58148146 0.096354164 0.07037037
0 0.07447917 0.6300926 0.017708333 0.06944445
3 0.7265625 0.57453704 0.059375 0.049074072
2 0.41614583 0.587963 0.03125 0.042592593
