3 0.07604167 0.6226852 0.15208334 0.24351852
2 0.26744792 0.6634259 0.0296875 0.032407407
0 0.30182293 0.6638889 0.008854167 0.05
2 0.22447917 0.6597222 0.03125 0.03425926
2 0.34661457 0.6587963 0.031770833 0.023148147
2 0.34453124 0.6513889 0.0359375 0.03425926
2 0.39765626 0.65694445 0.0234375 0.017592592
2 0.43489584 0.662037 0.029166667 0.03888889
2 0.4763021 0.6625 0.022395832 0.028703704
2 0.51640624 0.66805553 0.033854168 0.05462963
2 0.53333336 0.6652778 0.016666668 0.023148147
2 0.56328124 0.6888889 0.058854166 0.08888889
2 0.64192706 0.6634259 0.0546875 0.09907407
4 0.7796875 0.61435187 0.28958333 0.38425925
0 0.9320313 0.7087963 0.022395832 0.06944445
0 0.9471354 0.69861114 0.024479168 0.11574074
