0 0.8828125 0.68935186 0.08541667 0.18611111
0 0.9731771 0.9097222 0.0515625 0.17685185
0 0.7953125 0.67314816 0.030208332 0.13333334
0 0.7203125 0.6560185 0.0072916667 0.047222223
1 0.6929687 0.65787035 0.028645834 0.047222223
0 0.5859375 0.6490741 0.010416667 0.046296295
1 0.5736979 0.6490741 0.025520833 0.044444446
1 0.5229167 0.65185183 0.028125 0.048148148
1 0.4453125 0.64768517 0.020833334 0.041666668
0 0.30963543 0.6365741 0.0078125 0.039814815
0 0.30234376 0.63055557 0.0078125 0.037037037
0 0.28541666 0.6342593 0.009375 0.048148148
0 0.19375 0.6328704 0.010416667 0.04537037
2 0.18828125 0.63472223 0.0703125 0.039814815
0 0.11484375 0.63564813 0.0067708334 0.041666668
2 0.119791664 0.62685186 0.060416665 0.05
2 0.025260417 0.625 0.050520834 0.04074074
