5 0.020572918 0.7115741 0.0265625 0.06944445
1 0.12890625 0.71574074 0.0171875 0.055555556
1 0.19661458 0.72083336 0.018229166 0.047222223
3 0.32734376 0.7046296 0.034895834 0.06666667
2 0.36953124 0.72037035 0.0234375 0.048148148
2 0.3828125 0.7291667 0.042708334 0.073148146
2 0.44713542 0.7398148 0.10885417 0.19259259
2 0.5442708 0.725463 0.09166667 0.11574074
1 0.5971354 0.75555557 0.024479168 0.07037037
1 0.7497396 0.7578704 0.027604166 0.047222223
2 0.83229166 0.7675926 0.083333336 0.05925926
2 0.85520834 0.7462963 0.06666667 0.053703703
2 0.92395836 0.73333335 0.104166664 0.098148145
