1 0.19609375 0.6041667 0.0453125 0.06574074
1 0.2971354 0.6101852 0.009895833 0.037037037
2 0.309375 0.6018519 0.035416666 0.035185184
2 0.33046874 0.6009259 0.021354167 0.02962963
2 0.34166667 0.59305555 0.021875 0.043518517
1 0.3674479 0.6009259 0.005729167 0.027777778
2 0.38619792 0.59814817 0.0234375 0.022222223
1 0.43333334 0.59814817 0.017708333 0.031481482
2 0.6976563 0.68194443 0.1609375 0.18055555
2 0.63984376 0.6574074 0.08802083 0.12037037
0 0.6489583 0.61064816 0.011458334 0.0787037
1 0.4953125 0.60231483 0.00625 0.021296296
