2 0.19270833 0.8689815 0.38541666 0.26018518
1 0.64192706 0.6189815 0.009895833 0.041666668
4 0.63697916 0.5875 0.021875 0.019444445
2 0.6479167 0.59768516 0.0125 0.019444445
2 0.61510414 0.59537035 0.010416667 0.016666668
2 0.60625 0.599537 0.019791666 0.025
2 0.6039063 0.6050926 0.016145833 0.026851851
2 0.5963542 0.61064816 0.01875 0.030555556
2 0.5825521 0.61203706 0.028645834 0.042592593
2 0.57109374 0.62777776 0.043229166 0.06111111
2 0.6671875 0.60925925 0.016666668 0.027777778
2 0.6763021 0.6125 0.0234375 0.032407407
2 0.6872396 0.62824076 0.034895834 0.050925925
