0 0.04921875 0.68703705 0.013020833 0.06851852
0 0.22213541 0.6805556 0.0109375 0.048148148
0 0.20598958 0.67685187 0.009895833 0.03888889
3 0.2984375 0.6226852 0.16770834 0.24907407
2 0.38541666 0.6652778 0.025 0.036111113
2 0.4203125 0.6666667 0.033333335 0.04074074
2 0.43177083 0.6634259 0.019791666 0.032407407
2 0.4515625 0.65925926 0.015625 0.022222223
4 0.47161457 0.6490741 0.008854167 0.018518519
3 0.47760418 0.65694445 0.014583333 0.026851851
0 0.5075521 0.662963 0.013020833 0.05185185
2 0.66328126 0.66157407 0.1015625 0.062037036
2 0.6984375 0.64305556 0.06875 0.04537037
2 0.73072916 0.650463 0.08125 0.060185187
1 0.7552083 0.6898148 0.048958335 0.11851852
2 0.7859375 0.63611114 0.045833334 0.033333335
2 0.80052084 0.63842595 0.047916666 0.03425926
2 0.8304688 0.63796294 0.047395833 0.031481482
2 0.84765625 0.63611114 0.049479168 0.046296295
0 0.85572916 0.6328704 0.014583333 0.062037036
0 0.87135416 0.6365741 0.015625 0.058333334
0 0.88151044 0.6324074 0.0109375 0.06111111
2 0.9408854 0.6513889 0.118229166 0.18425927
