1 0.83802086 0.6861111 0.038541667 0.1537037
2 0.54270834 0.6412037 0.019791666 0.036111113
2 0.52213544 0.64305556 0.031770833 0.039814815
2 0.50416666 0.6375 0.014583333 0.025
3 0.47604167 0.6148148 0.03125 0.08148148
4 0.459375 0.6226852 0.019791666 0.036111113
0 0.34635416 0.6337963 0.0072916667 0.032407407
0 0.35520834 0.6333333 0.00625 0.031481482
1 0.37916666 0.6342593 0.009375 0.031481482
0 0.34010416 0.6333333 0.00625 0.031481482
4 0.26067707 0.6162037 0.14947917 0.18796296
1 0.08255208 0.65925926 0.034895834 0.06851852
1 0.022135416 0.6712963 0.041145835 0.096296296
