4 0.7984375 0.5564815 0.403125 0.6611111
2 0.5864583 0.6800926 0.079166666 0.10462963
2 0.55885416 0.64768517 0.06666667 0.11388889
2 0.51197916 0.63055557 0.015625 0.02037037
2 0.49739584 0.63148147 0.017708333 0.02962963
2 0.46796876 0.6736111 0.0640625 0.09351852
1 0.425 0.63148147 0.009375 0.025925925
1 0.36145833 0.6324074 0.015625 0.033333335
1 0.3515625 0.6467593 0.013541667 0.049074072
1 0.3200521 0.6296296 0.0171875 0.035185184
1 0.28697917 0.64166665 0.011458334 0.046296295
2 0.25598958 0.62685186 0.06302083 0.046296295
1 0.24609375 0.6652778 0.021354167 0.08055556
1 0.21223958 0.6712963 0.0296875 0.098148145
0 0.17083333 0.62222224 0.010416667 0.055555556
0 0.16640624 0.62824076 0.0078125 0.04537037
0 0.22395833 0.6337963 0.010416667 0.041666668
