2 0.21041666 0.6412037 0.042708334 0.025
2 0.24505208 0.63611114 0.034895834 0.022222223
2 0.29088542 0.6388889 0.041145835 0.024074074
2 0.36119792 0.6328704 0.0390625 0.03425926
2 0.4875 0.6226852 0.015625 0.015740741
2 0.46197918 0.6240741 0.014583333 0.02037037
2 0.5104167 0.6212963 0.0125 0.016666668
3 0.54765624 0.60833335 0.0421875 0.10185185
2 0.5955729 0.63564813 0.0265625 0.036111113
1 0.734375 0.6398148 0.0125 0.05
5 0.7135417 0.6296296 0.016666668 0.04074074
2 0.7604167 0.61851853 0.054166667 0.033333335
1 0.778125 0.6513889 0.015625 0.062037036
