4 0.8619792 0.58055556 0.27604166 0.7407407
2 0.54270834 0.6736111 0.017708333 0.032407407
3 0.5257813 0.6722222 0.024479168 0.05
3 0.49114582 0.66944444 0.0375 0.06851852
2 0.45885417 0.6759259 0.0375 0.06481481
2 0.42395833 0.6967593 0.041666668 0.049074072
2 0.39270833 0.69814813 0.051041666 0.05740741
2 0.34869793 0.6912037 0.056770835 0.0787037
2 0.30182293 0.69861114 0.08802083 0.08796296
0 0.23671874 0.69398147 0.015104166 0.058333334
2 0.26744792 0.6921296 0.071354166 0.06388889
3 0.13125 0.58935183 0.26145834 0.43611112
