1 0.14296874 0.68472224 0.021354167 0.05648148
1 0.18984374 0.6773148 0.015104166 0.05277778
2 0.41666666 0.6634259 0.010416667 0.017592592
2 0.42890626 0.6597222 0.011979166 0.021296296
2 0.43567708 0.66157407 0.015104166 0.026851851
2 0.4484375 0.6597222 0.011458334 0.019444445
2 0.45729166 0.66481483 0.017708333 0.024074074
2 0.46458334 0.6597222 0.016666668 0.021296296
2 0.4734375 0.6587963 0.008333334 0.013888889
2 0.48125 0.6550926 0.008333334 0.017592592
2 0.48723957 0.6662037 0.0203125 0.028703704
1 0.5158854 0.66712964 0.0078125 0.032407407
