3 0.019270834 0.63935184 0.038541667 0.119444445
4 0.23177083 0.6074074 0.24791667 0.36296296
2 0.42552084 0.6814815 0.057291668 0.08148148
3 0.12552084 0.6449074 0.09375 0.19537038
2 0.459375 0.6652778 0.019791666 0.028703704
2 0.46770832 0.65833336 0.010416667 0.016666668
2 0.47552082 0.65694445 0.009375 0.013888889
2 0.49036458 0.6643519 0.0171875 0.023148147
2 0.5023438 0.6666667 0.0234375 0.04074074
2 0.5385417 0.6875 0.08229167 0.16388889
1 0.61145836 0.6699074 0.019791666 0.03425926
1 0.69166666 0.6722222 0.020833334 0.037037037
2 0.7830729 0.6759259 0.0578125 0.046296295
2 0.81927085 0.67777777 0.042708334 0.035185184
2 0.8669271 0.6791667 0.0609375 0.039814815
1 0.8028646 0.71712965 0.050520834 0.12685186
