1 0.96744794 0.8375 0.065104164 0.32314816
0 0.7057292 0.6703704 0.034375 0.18148148
1 0.56458336 0.66944444 0.044791665 0.18703704
0 0.6333333 0.66157407 0.026041666 0.13425925
1 0.5359375 0.64305556 0.023958333 0.097222224
1 0.5015625 0.63842595 0.034375 0.10462963
2 0.409375 0.6824074 0.18958333 0.28703704
4 0.3356771 0.59305555 0.050520834 0.10277778
4 0.2653646 0.59305555 0.07239583 0.097222224
2 0.23567708 0.62314814 0.1140625 0.13333334
2 0.16822916 0.6199074 0.08125 0.0787037
2 0.041145835 0.6087963 0.08125 0.09537037
2 0.037239585 0.6976852 0.0734375 0.26759258
