1 0.19322917 0.71712965 0.042708334 0.15092592
2 0.37708333 0.68194443 0.071875 0.073148146
0 0.421875 0.66851854 0.0052083335 0.037037037
2 0.56927085 0.67453706 0.046875 0.06759259
0 0.496875 0.66064817 0.0072916667 0.03425926
2 0.59739584 0.65833336 0.017708333 0.024074074
0 0.60859376 0.6574074 0.0067708334 0.027777778
1 0.6424479 0.67546296 0.022395832 0.08796296
2 0.66276044 0.65787035 0.0203125 0.025
2 0.6856771 0.6675926 0.034895834 0.048148148
3 0.69739586 0.6398148 0.025 0.035185184
0 0.7846354 0.650463 0.009895833 0.039814815
0 0.7908854 0.6490741 0.008854167 0.042592593
0 0.8015625 0.649537 0.0072916667 0.041666668
0 0.8148438 0.6398148 0.0067708334 0.044444446
2 0.6666667 0.6486111 0.019791666 0.025
