2 0.12890625 0.62453705 0.09947917 0.08425926
2 0.098958336 0.625 0.110416666 0.087037034
2 0.023697916 0.625 0.047395833 0.05
2 0.82239586 0.6375 0.014583333 0.021296296
2 0.7859375 0.6564815 0.057291668 0.075925924
4 0.76953125 0.6236111 0.049479168 0.075
4 0.7104167 0.61851853 0.044791665 0.07777778
4 0.6684896 0.6171296 0.046354167 0.06759259
2 0.8515625 0.6328704 0.0125 0.015740741
2 0.8979167 0.65787035 0.060416665 0.075
0 0.9565104 0.6472222 0.008854167 0.03888889
0 0.6098958 0.6481481 0.016666668 0.09259259
4 0.73645836 0.61944443 0.0375 0.06481481
0 0.93125 0.64074075 0.0072916667 0.037037037
2 0.20859376 0.61944443 0.071354166 0.087037034
