0 0.8263021 0.70694447 0.0234375 0.175
2 0.5591146 0.68935186 0.038020834 0.05277778
2 0.46796876 0.65555555 0.0078125 0.016666668
2 0.45729166 0.66712964 0.019791666 0.032407407
1 0.45989582 0.6796296 0.014583333 0.037037037
1 0.4377604 0.66157407 0.005729167 0.021296296
1 0.42708334 0.66712964 0.00625 0.025
2 0.38385418 0.6824074 0.028125 0.044444446
2 0.37109375 0.68425924 0.0328125 0.05
2 0.3502604 0.68703705 0.041145835 0.06111111
2 0.32447916 0.6912037 0.058333334 0.075
2 0.284375 0.6888889 0.07083333 0.1037037
2 0.23567708 0.70092595 0.09947917 0.11666667
1 0.18567708 0.72407407 0.1015625 0.22592592
2 0.13515624 0.69722223 0.1578125 0.18888889
