2 0.021354167 0.6412037 0.042708334 0.12685186
2 0.17760417 0.6226852 0.059375 0.06574074
1 0.27942708 0.62083334 0.005729167 0.021296296
2 0.31822917 0.61851853 0.042708334 0.07777778
3 0.36354166 0.6037037 0.025 0.046296295
2 0.40130207 0.650463 0.08177083 0.121296294
2 0.36901042 0.6199074 0.0140625 0.017592592
1 0.4934896 0.6300926 0.0078125 0.037962962
1 0.54765624 0.6388889 0.019270834 0.072222225
0 0.56901044 0.62916666 0.008854167 0.049074072
2 0.60807294 0.6421296 0.10572917 0.05462963
0 0.7765625 0.64444447 0.011458334 0.075925924
