3 0.51953125 0.49212962 0.30989584 0.6657407
2 0.3606771 0.6435185 0.07447917 0.11666667
2 0.31458333 0.6273148 0.048958335 0.0787037
3 0.28541666 0.5824074 0.09166667 0.14074074
2 0.26354167 0.6310185 0.09791667 0.106481485
2 0.17369792 0.650463 0.14427084 0.12685186
1 0.6828125 0.6236111 0.014583333 0.06944445
1 0.6666667 0.61435187 0.015625 0.0712963
1 0.73515624 0.6212963 0.019270834 0.087037034
1 0.7091146 0.6199074 0.0203125 0.09166667
0 0.9320313 0.60925925 0.027604166 0.096296296
0 0.9002604 0.60231483 0.018229166 0.09166667
0 0.8638021 0.6032407 0.018229166 0.073148146
