2 0.051302083 0.5717593 0.0734375 0.047222223
1 0.16458334 0.5773148 0.013541667 0.049074072
1 0.13229166 0.57453704 0.0125 0.050925925
2 0.25208333 0.56064814 0.0072916667 0.012037037
2 0.2359375 0.5578704 0.020833334 0.012037037
2 0.27942708 0.56527776 0.0078125 0.012037037
1 0.21770833 0.5726852 0.009375 0.032407407
4 0.29505208 0.56296295 0.016145833 0.02037037
2 0.29895833 0.56898147 0.010416667 0.013888889
3 0.30963543 0.5638889 0.016145833 0.031481482
2 0.309375 0.57314813 0.013541667 0.018518519
3 0.3283854 0.5662037 0.021354167 0.03425926
2 0.3328125 0.5763889 0.011458334 0.019444445
2 0.34713542 0.57453704 0.021354167 0.036111113
2 0.34557292 0.58055556 0.015104166 0.022222223
2 0.35729167 0.5824074 0.021875 0.035185184
2 0.3671875 0.58842593 0.028125 0.043518517
3 0.39322916 0.57361114 0.027083334 0.058333334
3 0.4299479 0.5810185 0.0328125 0.075
2 0.41119793 0.59074074 0.0234375 0.044444446
2 0.40026042 0.5935185 0.019270834 0.031481482
2 0.4890625 0.6148148 0.052083332 0.07777778
1 0.5580729 0.6171296 0.0140625 0.05462963
