4 0.058854166 0.6351852 0.11770833 0.10555556
4 0.36354166 0.6263889 0.033333335 0.05277778
2 0.3986979 0.63796294 0.0453125 0.037037037
2 0.42682293 0.6421296 0.0390625 0.032407407
2 0.49713543 0.6865741 0.10572917 0.17870371
1 0.4846354 0.7347222 0.07864583 0.35092592
2 0.5763021 0.65925926 0.055729166 0.085185185
2 0.6195313 0.649537 0.044270832 0.032407407
2 0.6927083 0.65231484 0.060416665 0.037962962
1 0.057291668 0.6388889 0.020833334 0.05185185
0 0.090625 0.63611114 0.009375 0.046296295
1 0.14296874 0.6467593 0.015104166 0.049074072
1 0.15572916 0.64768517 0.011458334 0.04537037
0 0.1875 0.6462963 0.009375 0.044444446
2 0.30677083 0.64305556 0.046875 0.036111113
2 0.5552083 0.65925926 0.035416666 0.055555556
