3 0.9536458 0.74027777 0.092708334 0.2935185
2 0.8778646 0.71712965 0.0671875 0.06574074
1 0.8716146 0.74583334 0.019270834 0.073148146
3 0.85807294 0.72037035 0.08177083 0.06666667
2 0.7554687 0.76944447 0.1984375 0.20555556
2 0.50651044 0.79907405 0.35572916 0.39814815
4 0.37604168 0.66157407 0.025 0.04537037
2 0.33802083 0.69074076 0.0625 0.083333336
4 0.34270832 0.6564815 0.06458333 0.1
1 0.2859375 0.6703704 0.014583333 0.033333335
3 0.1953125 0.65185183 0.072916664 0.06481481
2 0.14140625 0.6759259 0.1109375 0.12222222
