0 0.052083332 0.59074074 0.015625 0.07777778
2 0.38541666 0.600463 0.016666668 0.026851851
2 0.37135416 0.600463 0.029166667 0.032407407
3 0.41796875 0.59444445 0.021354167 0.037037037
2 0.4140625 0.6032407 0.027083334 0.032407407
2 0.44010416 0.59907407 0.015625 0.022222223
1 0.45104167 0.6037037 0.011458334 0.037037037
1 0.45911458 0.6064815 0.009895833 0.031481482
1 0.47239584 0.60833335 0.010416667 0.031481482
2 0.546875 0.6050926 0.041666668 0.028703704
2 0.5885417 0.6087963 0.04375 0.026851851
0 0.6588542 0.60925925 0.0072916667 0.025925925
2 0.56901044 0.6037037 0.0203125 0.027777778
