2 0.15703125 0.7361111 0.3140625 0.52592593
3 0.119791664 0.66157407 0.23333333 0.35462964
2 0.44713542 0.662037 0.09322917 0.12592593
2 0.5125 0.63148147 0.046875 0.09259259
0 0.990625 0.6513889 0.01875 0.10092592
1 0.9296875 0.64444447 0.020833334 0.06111111
0 0.8953125 0.6472222 0.019791666 0.1037037
1 0.85234374 0.65185183 0.027604166 0.083333336
0 0.8200521 0.6490741 0.018229166 0.087037034
0 0.8091146 0.65324074 0.019270834 0.08796296
0 0.7992188 0.6402778 0.011979166 0.075
0 0.70989585 0.6342593 0.011458334 0.055555556
