0 0.3346354 0.64166665 0.016145833 0.085185185
2 0.30755207 0.6273148 0.0515625 0.08611111
3 0.030729167 0.63703704 0.061458334 0.1037037
4 0.18359375 0.6171296 0.24322917 0.23055555
2 0.5161458 0.86064816 0.315625 0.27685186
2 0.50390625 0.6189815 0.025520833 0.03425926
2 0.5140625 0.6226852 0.022916667 0.032407407
2 0.5416667 0.6287037 0.028125 0.037037037
2 0.7057292 0.6625 0.153125 0.08425926
1 0.79036456 0.7398148 0.09947917 0.19259259
2 0.8830729 0.6513889 0.14947917 0.08240741
1 0.7427083 0.6319444 0.014583333 0.047222223
2 0.47291666 0.6212963 0.021875 0.02962963
2 0.47578126 0.6101852 0.018229166 0.04074074
