2 0.9458333 0.60925925 0.108333334 0.075925924
4 0.9088542 0.5703704 0.18020834 0.13148148
0 0.78541666 0.6018519 0.010416667 0.07037037
0 0.7104167 0.60462964 0.009375 0.055555556
0 0.6908854 0.65324074 0.059895832 0.2824074
0 0.51953125 0.6782407 0.13489583 0.41944444
1 0.5630208 0.650463 0.14166667 0.25277779
1 0.58802086 0.6300926 0.092708334 0.13611111
2 0.45833334 0.6125 0.051041666 0.050925925
1 0.40442708 0.6328704 0.0671875 0.11388889
1 0.3658854 0.6319444 0.0765625 0.13611111
2 0.41041666 0.62083334 0.14895834 0.08796296
2 0.3122396 0.6226852 0.09010417 0.06759259
2 0.24765626 0.6287037 0.1609375 0.09259259
1 0.11302083 0.70787036 0.22604166 0.47685185
2 0.030208332 0.62546295 0.060416665 0.13425925
