2 0.1203125 0.66851854 0.045833334 0.044444446
2 0.015104166 0.662037 0.030208332 0.05740741
2 0.26953125 0.67453706 0.052604165 0.06574074
2 0.30390626 0.6712963 0.0296875 0.046296295
2 0.32421875 0.6657407 0.0234375 0.03888889
2 0.34791666 0.6736111 0.017708333 0.021296296
3 0.36015624 0.65925926 0.019270834 0.046296295
2 0.39322916 0.67407405 0.025 0.04074074
2 0.4299479 0.6722222 0.025520833 0.037037037
2 0.4171875 0.66944444 0.017708333 0.024074074
2 0.45911458 0.6935185 0.056770835 0.083333336
1 0.5375 0.68101853 0.015625 0.060185187
