1 0.93046874 0.6865741 0.034895834 0.073148146
2 0.9606771 0.6736111 0.0609375 0.041666668
2 0.8463542 0.66944444 0.07395833 0.046296295
2 0.7526042 0.66944444 0.059375 0.037037037
2 0.7135417 0.66481483 0.047916666 0.033333335
2 0.6690104 0.65787035 0.0390625 0.025
2 0.69140625 0.66064817 0.040104166 0.028703704
1 0.63125 0.6657407 0.014583333 0.053703703
4 0.3234375 0.6300926 0.025 0.036111113
2 0.13046876 0.6398148 0.031770833 0.03888889
2 0.0953125 0.63935184 0.06875 0.058333334
2 0.017708333 0.64166665 0.035416666 0.074074075
2 0.26666668 0.6375 0.025 0.026851851
2 0.2 0.6388889 0.042708334 0.027777778
4 0.47447917 0.6449074 0.0125 0.025
2 0.49427083 0.650463 0.009375 0.013888889
