2 0.023958333 0.66481483 0.047916666 0.06481481
2 0.07786458 0.66944444 0.08177083 0.055555556
1 0.17708333 0.68935186 0.048958335 0.117592596
2 0.23098959 0.6837963 0.0890625 0.05277778
2 0.33359376 0.7027778 0.15260416 0.098148145
2 0.37994793 0.70185184 0.11510417 0.083333336
2 0.41119793 0.6925926 0.0859375 0.07777778
1 0.5059896 0.71666664 0.06822917 0.13703704
1 0.45677084 0.69722223 0.026041666 0.053703703
1 0.57161456 0.7074074 0.030729167 0.05185185
1 0.62369794 0.7268519 0.0703125 0.12777779
1 0.7111979 0.71574074 0.0328125 0.05740741
2 0.7994792 0.73333335 0.13333334 0.098148145
1 0.865625 0.72314817 0.035416666 0.05740741
1 0.9528646 0.7550926 0.08802083 0.13055556
1 0.95885414 0.7476852 0.079166666 0.13611111
0 0.9046875 0.7675926 0.061458334 0.2777778
1 0.5989583 0.7050926 0.033333335 0.060185187
0 0.9890625 0.7236111 0.008333334 0.047222223
