2 0.70234376 0.6837963 0.1046875 0.0787037
2 0.5278646 0.66064817 0.046354167 0.06574074
3 0.49401042 0.6287037 0.024479168 0.05740741
3 0.47083333 0.6365741 0.025 0.060185187
2 0.47734374 0.68472224 0.0796875 0.11018518
2 0.41666666 0.69953704 0.114583336 0.16574074
2 0.36328125 0.649537 0.0265625 0.032407407
2 0.33411458 0.65231484 0.0328125 0.037962962
2 0.29947916 0.662037 0.057291668 0.094444446
2 0.203125 0.6935185 0.17291667 0.18703704
0 0.12578125 0.6472222 0.008854167 0.046296295
2 0.028385418 0.6736111 0.056770835 0.11574074
