1 0.17734376 0.6398148 0.024479168 0.06851852
2 0.196875 0.6037037 0.060416665 0.046296295
2 0.2643229 0.65231484 0.08385417 0.108333334
2 0.3278646 0.600463 0.044270832 0.028703704
2 0.4140625 0.5962963 0.026041666 0.022222223
2 0.43255207 0.5888889 0.011979166 0.02037037
2 0.44713542 0.600463 0.0203125 0.030555556
2 0.45833334 0.587963 0.011458334 0.02037037
3 0.46588543 0.5763889 0.009895833 0.023148147
3 0.4856771 0.5777778 0.009895833 0.02037037
0 0.82239586 0.6513889 0.016666668 0.08055556
