0 0.7390625 0.6625 0.023958333 0.125
1 0.6421875 0.649537 0.021875 0.08981481
0 0.6197917 0.6300926 0.011458334 0.047222223
2 0.5960938 0.6287037 0.028645834 0.02962963
2 0.5747396 0.62777776 0.008854167 0.014814815
2 0.5601562 0.63703704 0.0234375 0.031481482
3 0.5294271 0.5865741 0.071354166 0.175
2 0.49401042 0.63472223 0.044270832 0.037962962
2 0.45833334 0.63611114 0.040625 0.048148148
2 0.39765626 0.6425926 0.050520834 0.031481482
0 0.3984375 0.64166665 0.00625 0.042592593
2 0.26822916 0.65185183 0.06979167 0.07777778
