4 0.08255208 0.5912037 0.1390625 0.073148146
2 0.1546875 0.6398148 0.13958333 0.12962963
2 0.23697917 0.6212963 0.08541667 0.11481482
2 0.340625 0.6199074 0.016666668 0.021296296
2 0.36640626 0.6166667 0.016145833 0.027777778
2 0.37578124 0.61944443 0.011979166 0.02037037
2 0.47057292 0.62824076 0.0578125 0.03425926
2 0.5528646 0.63148147 0.0546875 0.035185184
2 0.66875 0.6342593 0.051041666 0.027777778
2 0.9859375 0.64398146 0.028125 0.037962962
2 0.9080729 0.64166665 0.047395833 0.02962963
0 0.79114586 0.64305556 0.009375 0.050925925
