2 0.102864586 0.65416664 0.20572917 0.26203704
2 0.22395833 0.6527778 0.104166664 0.1537037
2 0.3111979 0.6467593 0.0609375 0.08796296
2 0.34296876 0.6462963 0.044270832 0.062962964
2 0.39739582 0.6337963 0.025 0.036111113
2 0.4640625 0.6342593 0.08020833 0.05740741
1 0.4997396 0.6402778 0.015104166 0.06759259
1 0.5236979 0.63472223 0.011979166 0.04537037
0 0.5885417 0.63148147 0.016666668 0.098148145
0 0.63489586 0.6259259 0.014583333 0.07777778
0 0.6851562 0.67314816 0.0484375 0.24074075
1 0.71770835 0.62453705 0.019791666 0.09351852
0 0.7575521 0.67777777 0.050520834 0.2611111
2 0.41875 0.63055557 0.016666668 0.025925925
