3 0.11796875 0.63148147 0.1796875 0.16666667
2 0.30520833 0.6486111 0.03125 0.032407407
2 0.34114584 0.6388889 0.019791666 0.025925925
2 0.3578125 0.6351852 0.017708333 0.025925925
2 0.37395832 0.63703704 0.0125 0.025925925
3 0.39557293 0.6273148 0.021354167 0.04537037
3 0.40885416 0.6310185 0.023958333 0.05462963
4 0.4205729 0.6273148 0.028645834 0.05462963
3 0.42552084 0.6199074 0.027083334 0.05648148
3 0.44036457 0.6287037 0.0296875 0.03888889
3 0.46171874 0.625 0.0234375 0.02037037
2 0.48151043 0.6375 0.013020833 0.021296296
