2 0.052604165 0.6652778 0.045833334 0.06759259
2 0.10729167 0.66481483 0.042708334 0.05740741
2 0.2015625 0.66712964 0.08958333 0.058333334
2 0.23515625 0.66481483 0.041145835 0.05185185
2 0.27942708 0.66481483 0.050520834 0.05
0 0.46692708 0.66805553 0.009895833 0.043518517
2 0.6153646 0.65555555 0.022395832 0.022222223
2 0.6791667 0.65555555 0.013541667 0.02037037
2 0.6955729 0.662037 0.024479168 0.03888889
2 0.71458334 0.66064817 0.017708333 0.026851851
2 0.7578125 0.6611111 0.019791666 0.031481482
