2 0.8950521 0.66481483 0.100520834 0.05925926
1 0.5619792 0.6703704 0.022916667 0.035185184
0 0.5434896 0.67638886 0.0067708334 0.050925925
2 0.4890625 0.70092595 0.110416666 0.21296297
2 0.41484374 0.6736111 0.021354167 0.03425926
2 0.37864584 0.6796296 0.051041666 0.07777778
2 0.30677083 0.71481484 0.12916666 0.14814815
3 0.28020832 0.65833336 0.041666668 0.062962964
2 0.2484375 0.68472224 0.022916667 0.036111113
2 0.22317709 0.68333334 0.038020834 0.042592593
2 0.1046875 0.75555557 0.20625 0.4814815
