0 0.6 0.72268516 0.020833334 0.13611111
2 0.48776042 0.69166666 0.021354167 0.031481482
2 0.4609375 0.68703705 0.017708333 0.033333335
2 0.43489584 0.6865741 0.013541667 0.023148147
2 0.421875 0.6884259 0.017708333 0.030555556
2 0.4065104 0.6865741 0.027604166 0.039814815
5 0.37005207 0.68935186 0.050520834 0.11388889
2 0.35729167 0.6865741 0.0375 0.07685185
1 0.31666666 0.69166666 0.019791666 0.06481481
0 0.26067707 0.725463 0.021354167 0.10092592
0 0.24375 0.71944445 0.020833334 0.12407407
2 0.1109375 0.71481484 0.20416667 0.21851853
