2 0.026041666 0.65787035 0.051041666 0.050925925
0 0.053645834 0.6564815 0.011458334 0.05185185
2 0.07838542 0.65185183 0.0578125 0.03888889
0 0.1046875 0.65555555 0.0125 0.05740741
2 0.12942709 0.66481483 0.061979167 0.055555556
0 0.15755208 0.6560185 0.013020833 0.062037036
2 0.171875 0.6472222 0.046875 0.033333335
2 0.3875 0.7013889 0.17291667 0.25277779
2 0.4734375 0.65555555 0.06979167 0.11851852
2 0.5018229 0.6472222 0.027604166 0.05185185
1 0.525 0.6398148 0.008333334 0.033333335
2 0.57109374 0.6425926 0.0390625 0.05185185
1 0.6059896 0.65324074 0.019270834 0.07685185
0 0.5971354 0.6402778 0.0109375 0.05462963
5 0.7125 0.65833336 0.16458334 0.18518518
2 0.93333334 0.70416665 0.13125 0.325
0 0.25677082 0.64444447 0.00625 0.035185184
2 0.26822916 0.64166665 0.030208332 0.024074074
