0 0.08385417 0.8050926 0.098958336 0.38981482
1 0.20703125 0.6773148 0.044270832 0.15092592
1 0.14036459 0.7087963 0.0609375 0.18425927
1 0.265625 0.64398146 0.035416666 0.121296294
1 0.29947916 0.59768516 0.017708333 0.08611111
2 0.35052082 0.59444445 0.042708334 0.06481481
2 0.41145834 0.5453704 0.0875 0.072222225
2 0.3450521 0.56898147 0.0484375 0.049074072
3 0.17473958 0.5694444 0.1703125 0.12777779
1 0.017447917 0.825 0.034895834 0.3148148
0 0.28333333 0.57314813 0.011458334 0.05185185
2 0.25 0.57592595 0.061458334 0.053703703
