3 0.20104167 0.57361114 0.044791665 0.05462963
3 0.33854166 0.57361114 0.022916667 0.03425926
3 0.3752604 0.57453704 0.015104166 0.019444445
3 0.3908854 0.5763889 0.011979166 0.019444445
3 0.47135416 0.5800926 0.013541667 0.032407407
2 0.4830729 0.58981484 0.011979166 0.02962963
3 0.45130208 0.5861111 0.0265625 0.05925926
2 0.43072918 0.59305555 0.011458334 0.017592592
2 0.4 0.59583336 0.016666668 0.021296296
2 0.3528646 0.6037037 0.027604166 0.033333335
2 0.28671876 0.62546295 0.0609375 0.08425926
