2 0.07265625 0.68194443 0.1453125 0.14907408
2 0.21380208 0.6564815 0.06822917 0.05925926
2 0.28411457 0.6634259 0.06822917 0.062037036
2 0.3424479 0.65555555 0.040104166 0.048148148
4 0.3390625 0.6300926 0.07604167 0.06759259
2 0.39348957 0.65555555 0.0328125 0.035185184
2 0.44192708 0.6513889 0.0234375 0.032407407
2 0.43072918 0.65 0.01875 0.025925925
2 0.46302083 0.6462963 0.015625 0.024074074
2 0.48125 0.65185183 0.016666668 0.02037037
2 0.44322917 0.4912037 0.07395833 0.058333334
2 0.6484375 0.67546296 0.06458333 0.05277778
2 0.6088542 0.67175925 0.0375 0.04537037
2 0.58723956 0.6652778 0.019270834 0.030555556
2 0.56614584 0.6564815 0.015625 0.022222223
4 0.75078124 0.47453704 0.1359375 0.08055556
