2 0.07473958 0.6796296 0.14947917 0.23518519
2 0.13541667 0.63472223 0.094791666 0.09166667
3 0.1328125 0.60694444 0.10729167 0.117592596
2 0.24791667 0.63935184 0.065625 0.06944445
2 0.22057292 0.62777776 0.031770833 0.035185184
2 0.32421875 0.6375 0.0671875 0.09907407
2 0.41901043 0.6560185 0.13802083 0.2212963
3 0.43489584 0.57361114 0.06666667 0.14166667
2 0.50859374 0.6273148 0.013020833 0.025
1 0.53489584 0.6449074 0.010416667 0.039814815
2 0.5875 0.63703704 0.048958335 0.035185184
1 0.5473958 0.63935184 0.010416667 0.03425926
