0 0.24401042 0.6814815 0.0109375 0.07037037
1 0.27630207 0.69074076 0.025520833 0.07962963
1 0.30546874 0.6990741 0.0296875 0.12037037
2 0.35260418 0.7092593 0.10729167 0.12592593
2 0.434375 0.68935186 0.045833334 0.0712963
2 0.48854166 0.7328704 0.13854167 0.21203704
0 0.55598956 0.6814815 0.015104166 0.096296296
2 0.5734375 0.6703704 0.03125 0.042592593
2 0.6098958 0.67685187 0.042708334 0.06481481
4 0.6247396 0.6296296 0.0203125 0.042592593
1 0.64140624 0.6726852 0.016145833 0.05462963
2 0.6674479 0.67314816 0.0296875 0.048148148
0 0.68541664 0.69722223 0.019791666 0.11111111
0 0.7085937 0.6726852 0.0140625 0.073148146
2 0.7731771 0.7027778 0.12447917 0.12592593
2 0.9114583 0.7361111 0.17604166 0.22407408
0 0.9869792 0.6472222 0.022916667 0.12777779
0 0.8309896 0.65694445 0.0109375 0.032407407
