0 0.052864585 0.65833336 0.013020833 0.07037037
0 0.095052086 0.6759259 0.018229166 0.094444446
0 0.24036458 0.6787037 0.011979166 0.085185185
2 0.29895833 0.68703705 0.07083333 0.072222225
2 0.38177082 0.69398147 0.10104167 0.125
1 0.43958333 0.68333334 0.017708333 0.06111111
2 0.4684896 0.67083335 0.0140625 0.028703704
2 0.52135414 0.67685187 0.015625 0.022222223
2 0.5328125 0.68101853 0.022916667 0.032407407
2 0.55104166 0.6837963 0.03125 0.041666668
1 0.5877604 0.69074076 0.0203125 0.06851852
2 0.89140624 0.7902778 0.21510416 0.41759259
2 0.353125 0.68333334 0.05625 0.074074075
