2 0.035416666 0.6287037 0.07083333 0.05185185
2 0.054166667 0.6171296 0.090625 0.06574074
0 0.1640625 0.65324074 0.010416667 0.06574074
0 0.19375 0.6564815 0.016666668 0.06851852
2 0.28307292 0.6652778 0.1109375 0.06388889
2 0.3200521 0.65555555 0.07864583 0.06111111
2 0.34088543 0.65324074 0.0703125 0.058333334
2 0.36302084 0.65324074 0.061458334 0.047222223
2 0.3953125 0.65231484 0.052083332 0.037962962
2 0.5416667 0.64444447 0.022916667 0.03888889
2 0.51770836 0.6527778 0.03125 0.044444446
0 0.7859375 0.6837963 0.03125 0.16203703
5 0.7807292 0.724537 0.032291666 0.09351852
0 0.63203126 0.6597222 0.016145833 0.060185187
