2 0.031770833 0.6773148 0.063541666 0.043518517
2 0.18151042 0.6782407 0.036979165 0.03425926
2 0.23046875 0.6736111 0.0359375 0.04537037
4 0.26171875 0.66018516 0.0671875 0.05925926
2 0.2578125 0.67777777 0.029166667 0.033333335
2 0.28229168 0.6782407 0.020833334 0.026851851
0 0.5054687 0.68796295 0.011979166 0.042592593
1 0.5622396 0.6921296 0.0109375 0.039814815
2 0.46692708 0.6796296 0.009895833 0.0129629625
1 0.66276044 0.6944444 0.016145833 0.072222225
1 0.7455729 0.72407407 0.038020834 0.13703704
