1 0.72083336 0.66018516 0.014583333 0.074074075
0 0.66875 0.66944444 0.015625 0.07962963
0 0.6346354 0.65185183 0.0078125 0.035185184
0 0.6283854 0.650463 0.008854167 0.03425926
0 0.6166667 0.6486111 0.010416667 0.036111113
2 0.57239586 0.6837963 0.08541667 0.106481485
4 0.5528646 0.63842595 0.043229166 0.09351852
4 0.49817708 0.6342593 0.034895834 0.055555556
2 0.47578126 0.6527778 0.041145835 0.06851852
4 0.42578125 0.6337963 0.019270834 0.037962962
2 0.32604167 0.65925926 0.048958335 0.053703703
2 0.27890626 0.6652778 0.0703125 0.0712963
0 0.1796875 0.66064817 0.017708333 0.08055556
0 0.16848959 0.662963 0.011979166 0.07962963
0 0.10989583 0.6328704 0.009375 0.05648148
1 0.10598958 0.6634259 0.0421875 0.07685185
0 0.091145836 0.64768517 0.008333334 0.041666668
0 0.08177083 0.63611114 0.011458334 0.055555556
2 0.038802084 0.65555555 0.07760417 0.12592593
