0 0.9471354 0.7189815 0.0203125 0.10092592
0 0.8890625 0.7212963 0.01875 0.094444446
0 0.80859375 0.7074074 0.013020833 0.06481481
0 0.80052084 0.70787036 0.011458334 0.058333334
0 0.825 0.69953704 0.008333334 0.060185187
0 0.85 0.69861114 0.008333334 0.04537037
0 0.7830729 0.7060185 0.013020833 0.06944445
0 0.6875 0.7 0.009375 0.044444446
2 0.46015626 0.69814813 0.046354167 0.07962963
2 0.4265625 0.68194443 0.0072916667 0.013888889
2 0.4075521 0.6888889 0.025520833 0.044444446
2 0.38697916 0.6976852 0.046875 0.06388889
1 0.23776041 0.68472224 0.0109375 0.032407407
2 0.048177082 0.68472224 0.0953125 0.10462963
