2 0.13463542 0.8287037 0.26927084 0.33703703
2 0.1203125 0.6722222 0.044791665 0.07037037
3 0.19765624 0.65416664 0.0234375 0.04537037
2 0.21223958 0.6675926 0.0203125 0.031481482
4 0.22005208 0.65925926 0.008854167 0.022222223
4 0.26041666 0.650463 0.041666668 0.08796296
0 0.25885418 0.68564814 0.025 0.10462963
0 0.31770834 0.6782407 0.017708333 0.0712963
0 0.3518229 0.6814815 0.027604166 0.18333334
1 0.38828126 0.6787037 0.0171875 0.06481481
2 0.4984375 0.66064817 0.058333334 0.06574074
2 0.50859374 0.66712964 0.06302083 0.058333334
2 0.52552086 0.66851854 0.07604167 0.055555556
2 0.53984374 0.67175925 0.07864583 0.05648148
2 0.5765625 0.6652778 0.078125 0.073148146
2 0.6304687 0.66944444 0.1171875 0.11296296
2 0.7184896 0.71666664 0.3390625 0.22222222
2 0.81328124 0.65925926 0.15677084 0.11666667
2 0.90416664 0.65416664 0.10520833 0.08796296
1 0.928125 0.72037035 0.14375 0.51666665
