0 0.82604164 0.600463 0.015625 0.08796296
1 0.7289063 0.6652778 0.0546875 0.17870371
0 0.6721354 0.6402778 0.0234375 0.10092592
2 0.67265624 0.6388889 0.09322917 0.09074074
1 0.6145833 0.6527778 0.039583333 0.16111112
1 0.58020836 0.6398148 0.027083334 0.1
0 0.54895836 0.6259259 0.009375 0.046296295
2 0.43854168 0.66944444 0.12291667 0.19074073
2 0.38463542 0.6287037 0.06302083 0.05185185
1 0.3703125 0.6310185 0.021875 0.060185187
1 0.34557292 0.62824076 0.028645834 0.05648148
1 0.33177084 0.6273148 0.032291666 0.05277778
0 0.08671875 0.6328704 0.015104166 0.075
