2 0.13723959 0.6481481 0.036979165 0.03888889
2 0.25182292 0.6273148 0.0359375 0.037962962
2 0.2703125 0.6259259 0.015625 0.024074074
2 0.28723958 0.62546295 0.015104166 0.025
2 0.30182293 0.6263889 0.009895833 0.013888889
2 0.31640625 0.62546295 0.0171875 0.017592592
2 0.34557292 0.62222224 0.0109375 0.0129629625
2 0.40208334 0.6180556 0.015625 0.028703704
3 0.41666666 0.6111111 0.013541667 0.02962963
2 0.42109376 0.6199074 0.011979166 0.021296296
2 0.4294271 0.62546295 0.019270834 0.028703704
2 0.43697917 0.61435187 0.017708333 0.03425926
3 0.45104167 0.6078704 0.022916667 0.04537037
3 0.48125 0.60462964 0.035416666 0.07777778
3 0.5346354 0.60462964 0.0453125 0.08148148
3 0.6557292 0.6402778 0.225 0.26574075
3 0.896875 0.61064816 0.20625 0.39722222
2 0.33307293 0.62083334 0.011979166 0.021296296
