2 0.02265625 0.6805556 0.0453125 0.094444446
0 0.0875 0.662037 0.008333334 0.053703703
0 0.09348958 0.6652778 0.013020833 0.060185187
0 0.18645833 0.6703704 0.011458334 0.046296295
2 0.21822916 0.6736111 0.08229167 0.073148146
0 0.3 0.65925926 0.00625 0.035185184
2 0.3513021 0.662037 0.028645834 0.044444446
2 0.375 0.65231484 0.021875 0.032407407
2 0.39557293 0.65833336 0.0171875 0.02037037
2 0.40807292 0.6560185 0.015104166 0.019444445
3 0.4140625 0.6486111 0.0125 0.028703704
2 0.43541667 0.65694445 0.008333334 0.013888889
2 0.44635418 0.65833336 0.020833334 0.02037037
3 0.47942707 0.6421296 0.0359375 0.08796296
2 0.50208336 0.66064817 0.017708333 0.026851851
4 0.52552086 0.6490741 0.03125 0.05185185
2 0.5463542 0.6634259 0.038541667 0.075
2 0.5875 0.68333334 0.079166666 0.11296296
1 0.63671875 0.6689815 0.015104166 0.05462963
0 0.7289063 0.67314816 0.016145833 0.074074075
1 0.7671875 0.68472224 0.030208332 0.08796296
0 0.78776044 0.6824074 0.011979166 0.055555556
