3 0.6700521 0.63564813 0.1140625 0.17314816
2 0.5903646 0.62222224 0.059895832 0.11851852
2 0.5375 0.63703704 0.035416666 0.05740741
2 0.53203124 0.6240741 0.031770833 0.048148148
2 0.5075521 0.6712963 0.0640625 0.10185185
2 0.4919271 0.60601854 0.008854167 0.012037037
4 0.48151043 0.59675926 0.008854167 0.017592592
2 0.46015626 0.6162037 0.019270834 0.028703704
2 0.44973958 0.6199074 0.0234375 0.032407407
2 0.43359375 0.62546295 0.028645834 0.041666668
2 0.409375 0.6365741 0.048958335 0.060185187
2 0.20052083 0.6018519 0.06666667 0.03888889
2 0.17864583 0.599537 0.048958335 0.04537037
2 0.14739583 0.6324074 0.103125 0.06851852
2 0.11145833 0.60231483 0.047916666 0.039814815
2 0.0671875 0.600463 0.046875 0.04537037
2 0.010677083 0.6009259 0.021354167 0.042592593
