0 0.054427084 0.8199074 0.0734375 0.36018518
2 0.21614583 0.64398146 0.072916664 0.10462963
2 0.2703125 0.6560185 0.090625 0.13240741
2 0.30963543 0.68935186 0.0921875 0.14907408
2 0.34739584 0.625 0.058333334 0.083333336
2 0.45833334 0.59305555 0.05625 0.1287037
2 0.5059896 0.59212965 0.030729167 0.043518517
2 0.5388021 0.5949074 0.033854168 0.06388889
2 0.584375 0.64166665 0.079166666 0.10925926
1 0.7885417 0.58935183 0.045833334 0.073148146
0 0.03046875 0.9125 0.0609375 0.175
2 0.40052083 0.59305555 0.025 0.036111113
4 0.4908854 0.5675926 0.019270834 0.05185185
3 0.46015626 0.5462963 0.034895834 0.075925924
0 0.8966146 0.57314813 0.013020833 0.053703703
1 0.15130208 0.6402778 0.0234375 0.060185187
2 0.51171875 0.58055556 0.024479168 0.044444446
