0 0.9200521 0.6310185 0.12447917 0.08611111
0 0.8518229 0.61944443 0.0140625 0.062962964
0 0.75859374 0.73888886 0.050520834 0.31666666
0 0.66484374 0.6800926 0.12447917 0.40648147
2 0.653125 0.63842595 0.1375 0.08611111
2 0.5260417 0.6467593 0.18229167 0.18425927
2 0.44010416 0.61435187 0.009375 0.013888889
2 0.42578125 0.6180556 0.019270834 0.028703704
2 0.30182293 0.6791667 0.27239582 0.23055555
2 0.1640625 0.6074074 0.061458334 0.05185185
0 0.1765625 0.6162037 0.011458334 0.05462963
1 0.28984374 0.74027777 0.21197917 0.35833332
0 0.07265625 0.7416667 0.06302083 0.29814816
0 0.0171875 0.75 0.033333335 0.40185186
