2 0.5138021 0.7314815 0.20052083 0.29074073
2 0.007552083 0.6300926 0.015104166 0.06574074
2 0.031770833 0.63842595 0.033333335 0.049074072
2 0.08151042 0.63472223 0.040104166 0.05648148
2 0.12630208 0.63564813 0.038020834 0.05277778
0 0.16067709 0.6351852 0.008854167 0.044444446
2 0.15807292 0.63703704 0.036979165 0.037037037
0 0.3190104 0.6481481 0.008854167 0.05185185
0 0.6486979 0.6587963 0.0203125 0.097222224
1 0.9450521 0.6722222 0.021354167 0.08148148
2 0.9841146 0.6652778 0.031770833 0.06944445
0 0.6950521 0.6550926 0.0109375 0.047222223
0 0.7078125 0.65 0.011458334 0.05
2 0.10546875 0.6365741 0.0390625 0.037962962
