2 0.0546875 0.6796296 0.109375 0.08148148
2 0.184375 0.68472224 0.114583336 0.08055556
2 0.2971354 0.70416665 0.13697916 0.16944444
2 0.39401042 0.70787036 0.056770835 0.07685185
2 0.42109376 0.7037037 0.036979165 0.055555556
2 0.44713542 0.70046294 0.021354167 0.032407407
2 0.54036456 0.7087963 0.030729167 0.041666668
4 0.62291664 0.6805556 0.11666667 0.2037037
1 0.68880206 0.72083336 0.018229166 0.060185187
1 0.71171874 0.725 0.016145833 0.05740741
1 0.73020834 0.7277778 0.014583333 0.062962964
1 0.7447917 0.73101854 0.015625 0.06944445
1 0.7872396 0.73564816 0.024479168 0.08240741
1 0.83802086 0.7407407 0.034375 0.098148145
1 0.8880208 0.7439815 0.036458332 0.08796296
0 0.99348956 0.73657405 0.013020833 0.09351852
