0 0.6330729 0.6527778 0.008854167 0.044444446
0 0.57942706 0.65925926 0.008854167 0.048148148
2 0.5015625 0.6467593 0.019791666 0.036111113
2 0.49401042 0.65555555 0.028645834 0.04074074
2 0.471875 0.65 0.020833334 0.02962963
3 0.46458334 0.6259259 0.027083334 0.072222225
3 0.39479166 0.6319444 0.03125 0.06388889
2 0.38203126 0.6398148 0.0234375 0.02037037
1 0.36041668 0.6425926 0.00625 0.022222223
2 0.29114583 0.6574074 0.08020833 0.1
3 0.08802083 0.63472223 0.17604166 0.22314815
4 0.080729164 0.58981484 0.159375 0.20185184
