1 0.0765625 0.58842593 0.016666668 0.060185187
1 0.11276042 0.59444445 0.016145833 0.05185185
2 0.21822916 0.587963 0.047916666 0.031481482
1 0.34192708 0.5949074 0.021354167 0.037962962
1 0.36510417 0.5935185 0.019791666 0.035185184
1 0.375 0.5949074 0.019791666 0.03425926
1 0.3453125 0.5939815 0.019791666 0.03425926
2 0.39453125 0.5902778 0.0140625 0.023148147
4 0.40546876 0.58287036 0.019270834 0.032407407
2 0.43385416 0.6 0.017708333 0.02962963
2 0.44453126 0.5912037 0.0078125 0.013888889
3 0.4528646 0.58842593 0.011979166 0.028703704
4 0.50364584 0.58055556 0.096875 0.1574074
1 0.57421875 0.61527777 0.0109375 0.043518517
1 0.5859375 0.6166667 0.011458334 0.048148148
1 0.6067708 0.6175926 0.013541667 0.04074074
