3 0.12291667 0.6351852 0.059375 0.085185185
3 0.17578125 0.6375 0.031770833 0.039814815
3 0.21822916 0.6171296 0.05625 0.0787037
2 0.22265625 0.63564813 0.044270832 0.047222223
2 0.325 0.62222224 0.011458334 0.02037037
2 0.3953125 0.6226852 0.010416667 0.019444445
2 0.40442708 0.61851853 0.0171875 0.031481482
2 0.42552084 0.6157407 0.016666668 0.031481482
2 0.42864582 0.6310185 0.025 0.036111113
2 0.4533854 0.62222224 0.019270834 0.024074074
3 0.45625 0.6037037 0.027083334 0.048148148
3 0.49817708 0.6097222 0.0546875 0.08796296
3 0.55338544 0.60601854 0.0421875 0.08796296
3 0.7893229 0.5 0.42135417 0.9962963
