1 0.012760417 0.76342595 0.025520833 0.20648149
1 0.023177084 0.68796295 0.028645834 0.06481481
0 0.11927083 0.69722223 0.010416667 0.06851852
2 0.21067709 0.712037 0.111979164 0.06111111
2 0.409375 0.72314817 0.055208333 0.07777778
2 0.45911458 0.72175926 0.025520833 0.036111113
2 0.49921876 0.7277778 0.031770833 0.05
2 0.55885416 0.7314815 0.032291666 0.048148148
2 0.59244794 0.7347222 0.047395833 0.06574074
2 0.6658854 0.75416666 0.1109375 0.14537036
4 0.95520836 0.7050926 0.088541664 0.15648147
0 0.29010418 0.70648146 0.009375 0.05925926
2 0.4765625 0.71805555 0.013541667 0.023148147
