2 0.95390624 0.6018519 0.038020834 0.042592593
2 0.8854167 0.6037037 0.054166667 0.046296295
2 0.759375 0.6226852 0.110416666 0.0712963
2 0.7966146 0.6287037 0.1453125 0.07777778
2 0.69453126 0.6101852 0.044270832 0.037037037
1 0.5231771 0.6236111 0.015104166 0.047222223
2 0.4283854 0.68703705 0.17447917 0.23888889
2 0.35338542 0.6162037 0.043229166 0.08055556
2 0.32890624 0.6337963 0.061979167 0.10092592
2 0.27890626 0.62916666 0.1015625 0.16944444
2 0.17265625 0.675 0.18489583 0.21111111
2 0.046614584 0.64537036 0.09322917 0.55
