4 0.067708336 0.6125 0.13541667 0.19907407
0 0.14973958 0.64444447 0.009895833 0.05
0 0.27552083 0.6564815 0.009375 0.048148148
1 0.3518229 0.6662037 0.0078125 0.047222223
2 0.390625 0.66805553 0.042708334 0.05462963
4 0.38697916 0.6365741 0.12708333 0.08981481
1 0.45703125 0.6689815 0.011979166 0.04537037
2 0.48697916 0.6625 0.011458334 0.017592592
2 0.50208336 0.66481483 0.015625 0.025925925
4 0.5388021 0.65324074 0.024479168 0.05462963
0 0.5252604 0.66481483 0.0067708334 0.03888889
0 0.5648438 0.6712963 0.0078125 0.04074074
0 0.5815104 0.6712963 0.011979166 0.046296295
2 0.6328125 0.68564814 0.058333334 0.073148146
0 0.67317706 0.68333334 0.0171875 0.08148148
2 0.74010414 0.6949074 0.096875 0.14351852
2 0.83463544 0.724537 0.14427084 0.15092592
2 0.93359375 0.79212964 0.13177083 0.28425926
0 0.93046874 0.6912037 0.022395832 0.117592596
1 0.77760416 0.7912037 0.11666667 0.41759259
2 0.465625 0.6666667 0.015625 0.02962963
