0 0.88072914 0.67175925 0.017708333 0.075
1 0.7632812 0.6824074 0.0203125 0.083333336
1 0.68541664 0.6805556 0.0125 0.06666667
2 0.6195313 0.6912037 0.09427083 0.12314815
2 0.559375 0.6865741 0.035416666 0.05648148
2 0.5046875 0.72268516 0.128125 0.17870371
3 0.38828126 0.6699074 0.0390625 0.08055556
2 0.37291667 0.6912037 0.0375 0.050925925
4 0.35260418 0.66157407 0.058333334 0.09537037
2 0.32395834 0.6712963 0.052083332 0.09074074
2 0.278125 0.6976852 0.054166667 0.06944445
4 0.27135417 0.66851854 0.078125 0.1037037
2 0.18046875 0.7125 0.091145836 0.09907407
4 0.16796875 0.6625 0.14114584 0.13981481
3 0.08046875 0.5837963 0.15989584 0.45277777
