2 0.06432292 0.6787037 0.12864584 0.12777779
2 0.21197917 0.6537037 0.084375 0.09074074
2 0.2515625 0.66064817 0.098958336 0.11574074
2 0.28697917 0.63611114 0.067708336 0.1
2 0.34973958 0.649537 0.056770835 0.073148146
2 0.38385418 0.6462963 0.040625 0.055555556
2 0.40234375 0.6425926 0.030729167 0.05185185
3 0.41927084 0.6166667 0.042708334 0.09074074
2 0.4533854 0.6435185 0.0328125 0.05185185
3 0.49739584 0.6287037 0.009375 0.024074074
2 0.5231771 0.6365741 0.008854167 0.013888889
2 0.47369793 0.6351852 0.008854167 0.0129629625
