3 0.103125 0.5069444 0.20625 0.39537036
2 0.18255208 0.6199074 0.0703125 0.06944445
3 0.16588542 0.5837963 0.15677084 0.11574074
2 0.2580729 0.61388886 0.047395833 0.042592593
3 0.29088542 0.600463 0.0546875 0.07685185
2 0.30963543 0.61388886 0.036979165 0.04074074
2 0.33776042 0.6074074 0.030729167 0.044444446
2 0.36614582 0.6157407 0.04375 0.07037037
2 0.39375 0.61203706 0.025 0.042592593
3 0.39375 0.600463 0.020833334 0.047222223
2 0.41614583 0.60833335 0.011458334 0.014814815
4 0.44010416 0.6041667 0.01875 0.030555556
4 0.42890626 0.60555553 0.009895833 0.024074074
2 0.76927084 0.6412037 0.040625 0.05462963
