3 0.89479166 0.600463 0.209375 0.2935185
2 0.7361979 0.6462963 0.1453125 0.13148148
2 0.4875 0.6935185 0.271875 0.18888889
2 0.07838542 0.65324074 0.15677084 0.31574073
2 0.3283854 0.6759259 0.1796875 0.13148148
3 0.09765625 0.60694444 0.116145834 0.17685185
3 0.16197917 0.6171296 0.079166666 0.10462963
2 0.21484375 0.60231483 0.027604166 0.023148147
2 0.25390625 0.59675926 0.016145833 0.019444445
2 0.2671875 0.5925926 0.014583333 0.02037037
2 0.28515625 0.59583336 0.015104166 0.019444445
3 0.2893229 0.58518517 0.0140625 0.031481482
2 0.32135418 0.6 0.022916667 0.02962963
2 0.359375 0.599537 0.016666668 0.023148147
2 0.37135416 0.58935183 0.017708333 0.021296296
3 0.353125 0.57592595 0.014583333 0.033333335
2 0.34869793 0.59166664 0.013020833 0.016666668
