0 0.9747396 0.6800926 0.019270834 0.108333334
0 0.94166666 0.6953704 0.0125 0.053703703
0 0.9375 0.6703704 0.015625 0.085185185
2 0.7296875 0.7222222 0.19479166 0.19259259
2 0.59739584 0.66944444 0.07604167 0.11296296
2 0.5289062 0.6486111 0.015104166 0.025
2 0.48489583 0.66851854 0.084375 0.1388889
2 0.3815104 0.65 0.031770833 0.046296295
2 0.278125 0.68101853 0.10625 0.1287037
2 0.23177083 0.6722222 0.090625 0.098148145
4 0.19140625 0.62453705 0.1640625 0.15092592
1 0.08541667 0.6458333 0.020833334 0.0787037
1 0.063541666 0.6486111 0.025 0.06944445
