3 0.055208333 0.5824074 0.110416666 0.42222223
2 0.10520833 0.6884259 0.022916667 0.03425926
2 0.12421875 0.6884259 0.0203125 0.030555556
3 0.13567708 0.6689815 0.0296875 0.05277778
2 0.21041666 0.67314816 0.090625 0.15185185
1 0.35234374 0.68425924 0.018229166 0.05
1 0.39322916 0.68333334 0.027083334 0.05
1 0.4109375 0.68425924 0.028125 0.055555556
0 0.29609376 0.68472224 0.0078125 0.036111113
5 0.48046875 0.6759259 0.052604165 0.06851852
1 0.5078125 0.67546296 0.014583333 0.06759259
0 0.56822914 0.6773148 0.019791666 0.062037036
0 0.5971354 0.67314816 0.0140625 0.05740741
0 0.615625 0.66805553 0.028125 0.09166667
0 0.65234375 0.6634259 0.0234375 0.09907407
0 0.6734375 0.6587963 0.025 0.09907407
0 0.69453126 0.66064817 0.022395832 0.108333334
1 0.73802084 0.6759259 0.039583333 0.05740741
0 0.79296875 0.6675926 0.0265625 0.10925926
0 0.8200521 0.662037 0.021354167 0.11296296
0 0.834375 0.6824074 0.022916667 0.1037037
0 0.8442708 0.6736111 0.022916667 0.1287037
0 0.86015624 0.66944444 0.0234375 0.13333334
0 0.9635417 0.69398147 0.023958333 0.09907407
0 0.9606771 0.66944444 0.036979165 0.14444445
0 0.89427084 0.6782407 0.028125 0.108333334
4 0.9497396 0.61296296 0.0984375 0.17777778
