2 0.048177082 0.73333335 0.096354164 0.15185185
3 0.26328126 0.6759259 0.10364583 0.16851851
2 0.34817708 0.73055553 0.0546875 0.07037037
2 0.390625 0.724537 0.032291666 0.041666668
2 0.41119793 0.71666664 0.021354167 0.03888889
3 0.409375 0.7023148 0.019791666 0.04537037
2 0.41927084 0.7111111 0.019791666 0.04074074
2 0.45 0.72314817 0.03125 0.053703703
2 0.47838542 0.7175926 0.008854167 0.016666668
2 0.4890625 0.7189815 0.01875 0.03425926
2 0.49635416 0.7300926 0.026041666 0.039814815
2 0.55104166 0.7384259 0.059375 0.108333334
