4 0.30859375 0.5675926 0.025520833 0.03888889
2 0.40052083 0.59814817 0.028125 0.042592593
2 0.4299479 0.59166664 0.011979166 0.018518519
2 0.4375 0.5935185 0.014583333 0.022222223
2 0.4528646 0.59814817 0.0234375 0.037037037
3 0.47734374 0.59212965 0.013020833 0.021296296
2 0.5059896 0.60694444 0.028645834 0.037962962
4 0.5700521 0.59074074 0.0609375 0.02962963
2 0.75859374 0.6157407 0.0546875 0.031481482
2 0.77421874 0.62175924 0.0578125 0.03425926
1 0.7638021 0.62546295 0.011979166 0.043518517
0 0.77421874 0.6226852 0.0078125 0.043518517
2 0.46770832 0.5888889 0.009375 0.014814815
