1 0.49114582 0.69398147 0.00625 0.023148147
2 0.46458334 0.6884259 0.009375 0.015740741
2 0.4528646 0.6898148 0.015104166 0.02037037
2 0.43671876 0.6884259 0.0171875 0.026851851
2 0.3908854 0.6935185 0.025520833 0.031481482
2 0.3440104 0.69722223 0.036979165 0.044444446
2 0.29973957 0.6861111 0.06302083 0.083333336
0 0.19427083 0.68703705 0.011458334 0.07037037
2 0.15703125 0.68472224 0.06822917 0.06388889
2 0.08567708 0.6824074 0.07864583 0.07777778
2 0.024479168 0.6791667 0.048958335 0.09166667
