1 0.24453124 0.64166665 0.015104166 0.05185185
2 0.38958332 0.6333333 0.038541667 0.05185185
2 0.46354166 0.6287037 0.0125 0.014814815
2 0.44427082 0.62916666 0.028125 0.047222223
2 0.5317708 0.6259259 0.023958333 0.031481482
2 0.50703126 0.6287037 0.024479168 0.037037037
1 0.6111979 0.6166667 0.0109375 0.027777778
1 0.8645833 0.65555555 0.036458332 0.09259259
1 0.8276042 0.6513889 0.026041666 0.08240741
1 0.3703125 0.6226852 0.008333334 0.025
2 0.4953125 0.6259259 0.010416667 0.018518519
0 0.67578125 0.6240741 0.0078125 0.033333335
0 0.33333334 0.6203704 0.00625 0.025925925
0 0.33671874 0.62175924 0.005729167 0.023148147
0 0.346875 0.6199074 0.00625 0.021296296
