3 0.8440104 0.64768517 0.075520836 0.08981481
0 0.76770836 0.66851854 0.016666668 0.062962964
0 0.7580729 0.6689815 0.0109375 0.058333334
0 0.51979166 0.65462965 0.011458334 0.053703703
0 0.44036457 0.6527778 0.008854167 0.055555556
0 0.21640626 0.6398148 0.0109375 0.053703703
0 0.18072917 0.6375 0.0125 0.062037036
1 0.094791666 0.6481481 0.034375 0.055555556
0 0.061197918 0.63703704 0.0140625 0.06111111
2 0.07005208 0.63796294 0.0890625 0.046296295
2 0.011458334 0.62824076 0.022916667 0.062037036
