2 0.09557292 0.712037 0.19114584 0.19444445
2 0.26927084 0.66018516 0.092708334 0.11481482
1 0.36510417 0.65925926 0.025 0.085185185
2 0.37083334 0.65185183 0.0375 0.046296295
2 0.40729168 0.6421296 0.021875 0.03425926
1 0.42005208 0.6449074 0.0078125 0.039814815
1 0.50572914 0.6425926 0.010416667 0.035185184
0 0.53489584 0.63796294 0.008333334 0.03888889
1 0.5755208 0.65416664 0.025 0.08981481
1 0.68125 0.6967593 0.053125 0.26203704
0 0.66536456 0.6324074 0.009895833 0.07777778
0 0.8442708 0.6574074 0.03125 0.1537037
1 0.45729166 0.63935184 0.00625 0.026851851
