1 0.959375 0.61527777 0.028125 0.043518517
1 0.88177085 0.6125 0.03125 0.04537037
0 0.8364583 0.6240741 0.0125 0.055555556
1 0.81328124 0.6226852 0.034895834 0.05648148
2 0.7942708 0.5939815 0.036458332 0.030555556
2 0.71510416 0.59166664 0.014583333 0.022222223
2 0.7341146 0.5939815 0.019270834 0.025
0 0.7671875 0.6287037 0.014583333 0.07777778
3 0.64453125 0.6175926 0.16822916 0.20555556
3 0.52734375 0.59074074 0.034895834 0.048148148
2 0.50989586 0.7 0.1125 0.2
3 0.4846354 0.5694444 0.09739583 0.24259259
3 0.42369792 0.5777778 0.0390625 0.072222225
3 0.3190104 0.6009259 0.033854168 0.044444446
2 0.19869791 0.6078704 0.0609375 0.04537037
1 0.2015625 0.625 0.013541667 0.05740741
1 0.18046875 0.63703704 0.021354167 0.06111111
0 0.14010416 0.6199074 0.014583333 0.060185187
2 0.03359375 0.6087963 0.061979167 0.049074072
