2 0.47083333 0.5541667 0.090625 0.17870371
3 0.47760418 0.5986111 0.115625 0.26944444
2 0.53489584 0.6490741 0.038541667 0.062962964
1 0.67265624 0.65555555 0.019270834 0.083333336
2 0.6802083 0.65324074 0.042708334 0.062037036
0 0.7210938 0.6435185 0.008854167 0.046296295
2 0.7445313 0.662037 0.0578125 0.062962964
0 0.80364585 0.649537 0.011458334 0.058333334
0 0.8197917 0.6490741 0.0125 0.05740741
3 0.41796875 0.62314814 0.013020833 0.025925925
2 0.4049479 0.6324074 0.018229166 0.024074074
2 0.2625 0.6236111 0.023958333 0.023148147
