0 0.79375 0.6490741 0.020833334 0.085185185
0 0.77265626 0.6481481 0.018229166 0.087037034
1 0.6138021 0.6490741 0.013020833 0.06481481
1 0.5940104 0.6467593 0.013020833 0.05648148
0 0.5679687 0.6375 0.0078125 0.03425926
1 0.51484376 0.64398146 0.0109375 0.037962962
2 0.44453126 0.66805553 0.0765625 0.11018518
2 0.41197917 0.6449074 0.021875 0.037962962
2 0.3986979 0.63842595 0.011979166 0.021296296
3 0.35364583 0.60925925 0.07395833 0.14444445
2 0.32239583 0.662037 0.07395833 0.09074074
2 0.2893229 0.6490741 0.041145835 0.05925926
2 0.24661459 0.65694445 0.0671875 0.075
2 0.18932292 0.66157407 0.09322917 0.10462963
2 0.084635414 0.67083335 0.16197917 0.16944444
