4 0.09166667 0.48842594 0.18333334 0.5231481
2 0.203125 0.6462963 0.08958333 0.11296296
2 0.26041666 0.6388889 0.08020833 0.09074074
2 0.29609376 0.6328704 0.0453125 0.06759259
2 0.36354166 0.6324074 0.053125 0.06481481
2 0.42604166 0.63148147 0.046875 0.06481481
2 0.4075521 0.62453705 0.0234375 0.047222223
2 0.48177084 0.63935184 0.06875 0.08981481
1 0.52213544 0.63703704 0.0265625 0.12037037
2 0.5921875 0.65324074 0.094791666 0.11574074
2 0.7127604 0.68703705 0.19635417 0.2
4 0.9203125 0.55601853 0.123958334 0.12685186
