2 0.069270834 0.6412037 0.13854167 0.08796296
2 0.1765625 0.6787037 0.29270834 0.21481481
2 0.5315104 0.62222224 0.015104166 0.027777778
2 0.5216146 0.62083334 0.0078125 0.013888889
3 0.5002604 0.6148148 0.0067708334 0.022222223
3 0.46588543 0.60694444 0.0328125 0.06759259
4 0.43958333 0.6074074 0.04375 0.087037034
2 0.40703124 0.6287037 0.021354167 0.035185184
2 0.3981771 0.6310185 0.019270834 0.03425926
3 0.4143229 0.60555553 0.021354167 0.046296295
2 0.37760416 0.62824076 0.03125 0.050925925
3 0.35859376 0.6180556 0.034895834 0.060185187
3 0.67890626 0.6125 0.19947916 0.15277778
2 0.9606771 0.6351852 0.07864583 0.085185185
