0 0.6544271 0.75972223 0.1140625 0.4101852
0 0.6388021 0.80601853 0.06614583 0.28055555
0 0.73645836 0.7625 0.067708336 0.26203704
0 0.7604167 0.74722224 0.092708334 0.3351852
0 0.921875 0.72037035 0.072916664 0.26666668
2 0.75625 0.6888889 0.29479167 0.22962964
3 0.9578125 0.6513889 0.08125 0.21203704
0 0.4934896 0.6888889 0.036979165 0.19074073
0 0.50416666 0.712963 0.026041666 0.13333334
0 0.5864583 0.6643519 0.011458334 0.06759259
0 0.48020834 0.675 0.015625 0.09259259
1 0.55833334 0.6949074 0.096875 0.15277778
0 0.39453125 0.7550926 0.07864583 0.31203705
0 0.31953126 0.7537037 0.0640625 0.21481481
0 0.3424479 0.71944445 0.058854166 0.28148147
0 0.20494792 0.7361111 0.038020834 0.2074074
0 0.17578125 0.7115741 0.053645834 0.26574075
0 0.2734375 0.68703705 0.346875 0.24444444
0 0.0859375 0.71435183 0.048958335 0.25277779
0 0.046354167 0.75555557 0.09166667 0.3462963
0 0.057291668 0.6898148 0.075 0.31851852
0 0.017447917 0.74953705 0.034895834 0.20462963
