0 0.015625 0.66481483 0.03125 0.10555556
1 0.128125 0.70694447 0.06979167 0.15462963
2 0.2265625 0.64537036 0.07604167 0.06111111
2 0.20182292 0.6388889 0.0578125 0.075925924
2 0.24791667 0.6310185 0.046875 0.05648148
0 0.37265626 0.6263889 0.009895833 0.05462963
2 0.40546876 0.61851853 0.0234375 0.042592593
2 0.41796875 0.6148148 0.0171875 0.035185184
3 0.4596354 0.6027778 0.022395832 0.055555556
2 0.44713542 0.6240741 0.024479168 0.037037037
2 0.48177084 0.64398146 0.048958335 0.06574074
2 0.47291666 0.6962963 0.084375 0.12592593
1 0.51953125 0.6287037 0.011979166 0.046296295
2 0.49713543 0.6009259 0.009895833 0.018518519
4 0.48645833 0.59166664 0.009375 0.018518519
2 0.47942707 0.600463 0.0109375 0.017592592
2 0.5705729 0.6032407 0.033854168 0.026851851
2 0.5841146 0.60694444 0.0359375 0.025
2 0.6067708 0.6078704 0.042708334 0.036111113
3 0.64427084 0.59583336 0.0625 0.10277778
2 0.884375 0.6199074 0.13645834 0.08796296
0 0.9427083 0.7074074 0.046875 0.16111112
2 0.97864586 0.6865741 0.042708334 0.15092592
