2 0.33776042 0.6513889 0.049479168 0.049074072
2 0.36822918 0.64305556 0.036458332 0.047222223
2 0.3981771 0.650463 0.043229166 0.050925925
2 0.4484375 0.6467593 0.038541667 0.05648148
2 0.48125 0.63472223 0.013541667 0.023148147
2 0.49505207 0.6337963 0.0140625 0.019444445
2 0.515625 0.63148147 0.011458334 0.02037037
2 0.53697914 0.64074075 0.044791665 0.05185185
2 0.5598958 0.64074075 0.021875 0.037037037
2 0.6617187 0.6537037 0.07760417 0.08148148
2 0.08828125 0.74722224 0.17552084 0.37592593
0 0.87135416 0.63564813 0.015625 0.0787037
1 0.9320313 0.7347222 0.13385417 0.36944443
