2 0.94401044 0.8277778 0.10989583 0.32962963
0 0.8856771 0.6722222 0.0671875 0.27222222
2 0.7914063 0.73055553 0.25364584 0.24259259
0 0.55260414 0.66481483 0.016666668 0.06666667
2 0.48020834 0.71712965 0.12916666 0.19537038
1 0.39453125 0.6657407 0.016145833 0.053703703
2 0.3986979 0.6666667 0.019270834 0.02962963
2 0.37864584 0.66712964 0.027083334 0.039814815
2 0.36354166 0.6657407 0.03125 0.053703703
2 0.35364583 0.66944444 0.033333335 0.053703703
2 0.33020833 0.66805553 0.055208333 0.0712963
2 0.24348958 0.6703704 0.102604166 0.1388889
2 0.1703125 0.69722223 0.13854167 0.14444445
2 0.07057292 0.7259259 0.14010416 0.22222222
