2 0.53776044 0.7384259 0.15677084 0.22685185
2 0.43151042 0.67777777 0.0296875 0.03888889
2 0.3372396 0.68333334 0.058854166 0.08888889
2 0.24401042 0.6925926 0.0484375 0.055555556
2 0.17317708 0.6921296 0.1484375 0.16018519
2 0.054947916 0.6773148 0.10989583 0.1675926
2 0.03359375 0.7152778 0.0671875 0.11574074
2 0.60026044 0.66712964 0.0390625 0.032407407
1 0.65208334 0.6736111 0.010416667 0.03425926
1 0.69661456 0.6921296 0.0265625 0.06388889
2 0.9690104 0.6587963 0.0609375 0.05277778
2 0.85625 0.662037 0.08958333 0.062962964
2 0.7580729 0.6634259 0.040104166 0.030555556
