4 0.4841146 0.6296296 0.2234375 0.41296297
2 0.34192708 0.6574074 0.08385417 0.10555556
3 0.3734375 0.5648148 0.015625 0.027777778
2 0.3674479 0.57546294 0.0140625 0.017592592
2 0.37317708 0.5833333 0.015104166 0.024074074
2 0.3546875 0.5875 0.022916667 0.032407407
2 0.3372396 0.5824074 0.021354167 0.024074074
2 0.3372396 0.6074074 0.043229166 0.046296295
3 0.31822917 0.5634259 0.0375 0.06388889
2 0.29140624 0.59675926 0.041145835 0.049074072
2 0.27239582 0.587037 0.035416666 0.025925925
2 0.22135417 0.600463 0.045833334 0.04537037
1 0.20494792 0.587963 0.0109375 0.037037037
1 0.19713542 0.5902778 0.0078125 0.037962962
1 0.19140625 0.59074074 0.011979166 0.042592593
1 0.18645833 0.58842593 0.010416667 0.037962962
1 0.16744791 0.5939815 0.0140625 0.04537037
0 0.15338542 0.5787037 0.0067708334 0.031481482
1 0.13359375 0.60231483 0.018229166 0.041666668
1 0.10104167 0.60833335 0.01875 0.053703703
1 0.08619792 0.6097222 0.015104166 0.05277778
1 0.075520836 0.6097222 0.016666668 0.050925925
2 0.038020834 0.6337963 0.07604167 0.08425926
2 0.15234375 0.68194443 0.15364583 0.14351852
