2 0.153125 0.7685185 0.17604166 0.18888889
2 0.82890624 0.8666667 0.3421875 0.26666668
1 0.9341146 0.63611114 0.031770833 0.05
1 0.88671875 0.60694444 0.011979166 0.023148147
2 0.7111979 0.63796294 0.084895834 0.07037037
2 0.6325521 0.6638889 0.0859375 0.10185185
2 0.5528646 0.6875 0.08177083 0.10462963
2 0.5122396 0.662037 0.047395833 0.06481481
3 0.48333332 0.61388886 0.04375 0.11296296
2 0.43072918 0.649537 0.029166667 0.037962962
2 0.3440104 0.6643519 0.0453125 0.05462963
2 0.440625 0.6157407 0.013541667 0.02037037
0 0.8533854 0.60555553 0.0067708334 0.027777778
2 0.41119793 0.6111111 0.009895833 0.0129629625
