3 0.07421875 0.5634259 0.080729164 0.06574074
2 0.17265625 0.7337963 0.25572917 0.2824074
2 0.28671876 0.60462964 0.046354167 0.048148148
3 0.22838542 0.56203705 0.058854166 0.048148148
3 0.27526042 0.56666666 0.036979165 0.035185184
2 0.340625 0.5935185 0.025 0.035185184
2 0.3596354 0.6009259 0.041145835 0.05185185
2 0.41510418 0.587963 0.015625 0.022222223
2 0.43463543 0.5842593 0.011979166 0.016666668
2 0.44791666 0.5787037 0.010416667 0.016666668
3 0.6013021 0.6050926 0.0484375 0.06944445
3 0.47291666 0.5726852 0.009375 0.025
