2 0.9341146 0.7638889 0.13177083 0.17407407
2 0.57890624 0.67777777 0.0390625 0.027777778
2 0.446875 0.78981483 0.334375 0.41666666
2 0.33072916 0.7222222 0.11875 0.22592592
3 0.30234376 0.650463 0.0609375 0.125
3 0.23046875 0.6652778 0.06302083 0.121296294
2 0.20885417 0.69166666 0.078125 0.107407406
2 0.15911458 0.6662037 0.040104166 0.050925925
2 0.12942709 0.65416664 0.038020834 0.028703704
2 0.10989583 0.65185183 0.01875 0.02962963
1 0.07369792 0.65324074 0.0109375 0.023148147
2 0.025260417 0.64444447 0.049479168 0.033333335
0 0.03203125 0.65416664 0.0109375 0.04537037
