2 0.16302083 0.6611111 0.15833333 0.17777778
3 0.25572917 0.63472223 0.078125 0.14537036
2 0.30729166 0.63148147 0.0625 0.10185185
2 0.3515625 0.6300926 0.048958335 0.075
2 0.38697916 0.63055557 0.0375 0.046296295
2 0.42265624 0.6328704 0.044270832 0.06759259
2 0.4421875 0.6287037 0.028125 0.04074074
2 0.4908854 0.6365741 0.044270832 0.06388889
1 0.528125 0.6212963 0.0125 0.05185185
0 0.6328125 0.61064816 0.008333334 0.041666668
0 0.64973956 0.60833335 0.005729167 0.037037037
2 0.46484375 0.6087963 0.009895833 0.012037037
