2 0.8361979 0.7430556 0.3234375 0.29166666
0 0.67109376 0.6458333 0.008854167 0.047222223
2 0.51927084 0.64166665 0.014583333 0.022222223
2 0.5109375 0.6375 0.0125 0.015740741
2 0.49296874 0.63935184 0.013020833 0.021296296
2 0.48333332 0.6375 0.019791666 0.013888889
2 0.45 0.63935184 0.0125 0.017592592
2 0.24270834 0.649537 0.052083332 0.037962962
2 0.184375 0.6472222 0.0625 0.046296295
2 0.140625 0.6564815 0.08645833 0.05185185
2 0.054427084 0.65925926 0.0828125 0.06111111
2 0.040364582 0.65324074 0.0796875 0.07685185
2 0.023177084 0.6611111 0.046354167 0.06481481
