2 0.5002604 0.67083335 0.0921875 0.13796297
2 0.4596354 0.6337963 0.015104166 0.023148147
2 0.43255207 0.6351852 0.0171875 0.027777778
2 0.40364584 0.64305556 0.0375 0.041666668
4 0.409375 0.6166667 0.035416666 0.046296295
3 0.35625 0.6148148 0.05625 0.10185185
2 0.6734375 0.66712964 0.08958333 0.121296294
3 0.8403646 0.49305555 0.31927082 0.76203704
4 0.4375 0.61851853 0.027083334 0.037037037
2 0.4421875 0.6333333 0.017708333 0.02962963
2 0.39635417 0.6351852 0.025 0.04074074
2 0.5450521 0.6287037 0.008854167 0.014814815
