2 0.9682292 0.6259259 0.0625 0.09259259
2 0.9513021 0.6175926 0.0953125 0.1037037
2 0.89713544 0.625 0.1015625 0.07037037
2 0.8484375 0.6078704 0.09791667 0.08425926
0 0.8013021 0.63611114 0.022395832 0.12222222
0 0.7794271 0.63472223 0.022395832 0.121296294
2 0.6703125 0.6634259 0.13020833 0.16574074
2 0.60729164 0.64305556 0.079166666 0.106481485
2 0.52135414 0.6125 0.036458332 0.050925925
2 0.4528646 0.6041667 0.009895833 0.017592592
1 0.44921875 0.60925925 0.008854167 0.033333335
1 0.4294271 0.6087963 0.005729167 0.026851851
1 0.4138021 0.61064816 0.009895833 0.036111113
1 0.38958332 0.6078704 0.029166667 0.041666668
2 0.3671875 0.6041667 0.032291666 0.05462963
1 0.240625 0.6287037 0.039583333 0.12407407
2 0.2580729 0.62453705 0.0578125 0.073148146
2 0.20703125 0.6259259 0.0890625 0.10185185
2 0.106510416 0.68703705 0.21302083 0.28703704
