1 0.01484375 0.6472222 0.021354167 0.06111111
1 0.22473958 0.650463 0.009895833 0.039814815
0 0.3346354 0.6490741 0.005729167 0.025925925
2 0.378125 0.650463 0.015625 0.019444445
2 0.41223958 0.6486111 0.0140625 0.015740741
0 0.42369792 0.649537 0.0036458333 0.019444445
2 0.43828124 0.6486111 0.0109375 0.015740741
2 0.45572916 0.6486111 0.009375 0.012037037
2 0.4734375 0.649537 0.010416667 0.013888889
1 0.56041664 0.65925926 0.013541667 0.05740741
1 0.54114586 0.65231484 0.009375 0.03425926
0 0.97447914 0.6310185 0.019791666 0.09351852
0 0.9653646 0.6527778 0.008854167 0.05185185
