3 0.3 0.6212963 0.10729167 0.20555556
3 0.1984375 0.59814817 0.092708334 0.06666667
3 0.40729168 0.6032407 0.09166667 0.18240741
4 0.5 0.6041667 0.209375 0.42314816
2 0.55104166 0.8699074 0.36458334 0.25833333
2 0.61302084 0.60231483 0.040625 0.036111113
1 0.6359375 0.60555553 0.016666668 0.037037037
1 0.67265624 0.6064815 0.013020833 0.04074074
2 0.69322914 0.6050926 0.0625 0.03425926
2 0.75703126 0.6087963 0.056770835 0.032407407
3 0.965625 0.66944444 0.06666667 0.41111112
3 0.79114586 0.575 0.088541664 0.09259259
