2 0.079166666 0.6490741 0.134375 0.072222225
1 0.171875 0.6574074 0.023958333 0.083333336
2 0.34973958 0.6527778 0.0359375 0.046296295
2 0.40234375 0.6458333 0.018229166 0.026851851
1 0.48333332 0.65092593 0.008333334 0.02962963
2 0.49375 0.65416664 0.020833334 0.023148147
2 0.43046874 0.64537036 0.009895833 0.016666668
0 0.66015625 0.68101853 0.018229166 0.075
0 0.71458334 0.67175925 0.014583333 0.09351852
0 0.6700521 0.6800926 0.0140625 0.0787037
2 0.46484375 0.6458333 0.009895833 0.015740741
