2 0.12161458 0.6722222 0.17239584 0.16296296
2 0.31510416 0.66805553 0.13020833 0.18055555
4 0.253125 0.61944443 0.1125 0.14629629
2 0.40989584 0.650463 0.04375 0.062037036
2 0.43255207 0.6513889 0.024479168 0.037962962
2 0.4466146 0.6513889 0.019270834 0.030555556
2 0.47942707 0.65185183 0.0265625 0.037037037
2 0.5473958 0.6574074 0.0625 0.05
1 0.590625 0.6666667 0.011458334 0.053703703
1 0.7205729 0.6800926 0.028645834 0.10277778
0 0.68125 0.65925926 0.016666668 0.062962964
2 0.8622396 0.74583334 0.26927084 0.3175926
