1 0.8226563 0.7291667 0.15572916 0.26203704
3 0.95677084 0.65231484 0.08541667 0.2175926
0 0.6481771 0.6837963 0.0203125 0.106481485
0 0.5231771 0.7175926 0.080729164 0.32222223
0 0.53046876 0.74351853 0.061979167 0.25185186
0 0.45494792 0.70694447 0.069270834 0.2638889
0 0.5763021 0.67453706 0.018229166 0.097222224
0 0.59296876 0.67083335 0.0203125 0.11388889
0 0.48645833 0.6884259 0.015625 0.075
2 0.6247396 0.6597222 0.025520833 0.062037036
2 0.6140625 0.662963 0.027083334 0.05185185
2 0.66796875 0.6675926 0.0359375 0.06111111
0 0.6950521 0.67638886 0.018229166 0.09351852
3 0.72239584 0.6884259 0.0125 0.06944445
3 0.7153646 0.6736111 0.015104166 0.08796296
0 0.9039062 0.68564814 0.015104166 0.09907407
0 0.89453125 0.68703705 0.018229166 0.098148145
2 0.31666666 0.68935186 0.34375 0.24907407
0 0.17473958 0.6722222 0.033854168 0.1537037
0 0.18697916 0.6759259 0.021875 0.10185185
0 0.20989583 0.6800926 0.01875 0.08425926
0 0.21875 0.662037 0.015625 0.085185185
2 0.3015625 0.66018516 0.033333335 0.06851852
2 0.35651043 0.65185183 0.034895834 0.05925926
2 0.3908854 0.65694445 0.0296875 0.043518517
0 0.12526041 0.71712965 0.0890625 0.2898148
0 0.14348958 0.7277778 0.0609375 0.25
0 0.080729164 0.70046294 0.032291666 0.19537038
0 0.058333334 0.7287037 0.032291666 0.15185185
0 0.059114583 0.6921296 0.0328125 0.17685185
0 0.033854168 0.6962963 0.033333335 0.17407407
0 0.00859375 0.7189815 0.0171875 0.13425925
0 0.7757813 0.7314815 0.061979167 0.18703704
