4 0.19270833 0.46851853 0.10104167 0.06111111
2 0.23333333 0.47175926 0.053125 0.047222223
2 0.37994793 0.45416668 0.069270834 0.050925925
2 0.52760416 0.44398147 0.06666667 0.05277778
2 0.66328126 0.4337963 0.07447917 0.058333334
4 0.6247396 0.4162037 0.16197917 0.10092592
1 0.8570312 0.6462963 0.033854168 0.08888889
2 0.7263021 0.65 0.13802083 0.1
2 0.34479168 0.6486111 0.054166667 0.06388889
2 0.40260416 0.6365741 0.046875 0.0787037
2 0.4611979 0.6490741 0.06614583 0.05740741
2 0.49661458 0.65185183 0.10989583 0.085185185
2 0.5835937 0.6574074 0.10989583 0.07037037
