1 0.01953125 0.68101853 0.021354167 0.073148146
2 0.077083334 0.6925926 0.09791667 0.07962963
2 0.17578125 0.6898148 0.122395836 0.12222222
2 0.27630207 0.7074074 0.18177083 0.19259259
2 0.40208334 0.6611111 0.033333335 0.05740741
2 0.4388021 0.6773148 0.041145835 0.05462963
2 0.50364584 0.69398147 0.075 0.13055556
1 0.7424479 0.6888889 0.016145833 0.06851852
2 0.7716146 0.675 0.0484375 0.04074074
2 0.46302083 0.66851854 0.021875 0.02962963
2 0.3752604 0.662963 0.021354167 0.031481482
2 0.3640625 0.67314816 0.028125 0.031481482
