2 0.9791667 0.6421296 0.035416666 0.075
2 0.92578125 0.64537036 0.10364583 0.10185185
2 0.83203125 0.65833336 0.1296875 0.11666667
0 0.76484376 0.62453705 0.009895833 0.0712963
0 0.7346354 0.625 0.013020833 0.072222225
2 0.5778646 0.6481481 0.18385416 0.11296296
2 0.5033854 0.6310185 0.071354166 0.08055556
2 0.41197917 0.61435187 0.08958333 0.11203704
2 0.3328125 0.6259259 0.06979167 0.09074074
0 0.29166666 0.63055557 0.025 0.11666667
2 0.24010417 0.6157407 0.10208333 0.1
0 0.18880208 0.62314814 0.021354167 0.096296296
0 0.16510417 0.61851853 0.016666668 0.10555556
2 0.16979167 0.6125 0.08541667 0.08981481
2 0.06822917 0.61435187 0.13333334 0.13425925
