2 0.86328125 0.7763889 0.27239582 0.3824074
2 0.60364586 0.7189815 0.27291667 0.2361111
2 0.4375 0.6634259 0.13541667 0.17870371
2 0.36119792 0.63472223 0.1171875 0.16574074
2 0.30963543 0.6550926 0.061979167 0.08240741
2 0.2828125 0.65092593 0.051041666 0.07037037
2 0.2609375 0.6449074 0.044791665 0.062037036
2 0.24765626 0.64305556 0.0359375 0.05277778
2 0.234375 0.6388889 0.0375 0.044444446
2 0.21875 0.6328704 0.030208332 0.047222223
2 0.20963542 0.63564813 0.024479168 0.036111113
2 0.19869791 0.6319444 0.0234375 0.032407407
2 0.18645833 0.62916666 0.015625 0.026851851
1 0.16927083 0.6398148 0.016666668 0.055555556
2 0.15677084 0.6324074 0.021875 0.02962963
2 0.146875 0.6226852 0.010416667 0.019444445
1 0.11015625 0.6287037 0.005729167 0.02037037
1 0.095052086 0.6324074 0.009895833 0.035185184
1 0.05390625 0.6351852 0.019270834 0.06111111
1 0.0203125 0.6481481 0.025 0.072222225
0 0.015364584 0.6287037 0.0109375 0.05740741
