0 0.063802086 0.68101853 0.0140625 0.08055556
1 0.12890625 0.70092595 0.031770833 0.13518518
1 0.196875 0.70046294 0.03125 0.121296294
1 0.20989583 0.6875 0.020833334 0.10277778
0 0.28203124 0.67685187 0.009895833 0.048148148
0 0.26067707 0.66481483 0.0078125 0.04074074
3 0.35859376 0.6300926 0.09427083 0.2175926
2 0.4596354 0.712963 0.116145834 0.17777778
3 0.47291666 0.625 0.044791665 0.10925926
1 0.51432294 0.6666667 0.008854167 0.053703703
1 0.5335938 0.675 0.016145833 0.06851852
2 0.55052084 0.67314816 0.038541667 0.055555556
1 0.978125 0.7199074 0.041666668 0.33055556
0 0.69921875 0.6550926 0.016145833 0.073148146
