2 0.8591146 0.8055556 0.27447918 0.37777779
2 0.6791667 0.7412037 0.16041666 0.175
0 0.57109374 0.6949074 0.0067708334 0.036111113
2 0.5231771 0.68935186 0.0109375 0.017592592
2 0.4528646 0.7351852 0.1234375 0.17777778
2 0.36875 0.6875 0.019791666 0.026851851
2 0.3580729 0.6898148 0.0171875 0.024074074
2 0.34609374 0.69074076 0.021354167 0.027777778
2 0.33020833 0.6884259 0.017708333 0.026851851
2 0.31640625 0.68703705 0.021354167 0.035185184
2 0.27760416 0.6912037 0.060416665 0.05648148
2 0.22447917 0.6912037 0.039583333 0.037962962
2 0.17135416 0.69074076 0.05625 0.05
