2 0.9533854 0.6944444 0.091145836 0.22407408
2 0.928125 0.6884259 0.088541664 0.13055556
2 0.87369794 0.6625 0.055729166 0.08796296
2 0.8419271 0.66064817 0.0359375 0.05648148
2 0.82682294 0.65416664 0.034895834 0.04537037
4 0.76484376 0.6375 0.030729167 0.047222223
2 0.7523438 0.65231484 0.030729167 0.049074072
2 0.7114583 0.67777777 0.071875 0.10555556
3 0.6658854 0.64305556 0.0421875 0.05648148
2 0.6375 0.6587963 0.03125 0.036111113
2 0.5984375 0.6634259 0.038541667 0.041666668
4 0.38359374 0.63564813 0.3203125 0.39537036
0 0.11536458 0.65185183 0.022395832 0.13703704
2 0.05078125 0.6796296 0.1015625 0.32962963
