1 0.75416666 0.6550926 0.014583333 0.06944445
1 0.77421874 0.6564815 0.015104166 0.07037037
2 0.33307293 0.6375 0.040104166 0.050925925
2 0.49895832 0.6398148 0.0375 0.074074075
2 0.4609375 0.6333333 0.017708333 0.02962963
2 0.47161457 0.6324074 0.011979166 0.02037037
2 0.38098958 0.6333333 0.021354167 0.02962963
1 0.4296875 0.62916666 0.0072916667 0.021296296
1 0.43645832 0.6300926 0.0072916667 0.019444445
1 0.27578124 0.6310185 0.011979166 0.039814815
0 0.29270834 0.6365741 0.0072916667 0.028703704
