2 0.13177083 0.65324074 0.058333334 0.09166667
3 0.067708336 0.64305556 0.13541667 0.16944444
2 0.30260417 0.70092595 0.15729167 0.18703704
2 0.36901042 0.6800926 0.084895834 0.12685186
2 0.40234375 0.65925926 0.050520834 0.07962963
3 0.41901043 0.63703704 0.0359375 0.07777778
2 0.44244793 0.65324074 0.019270834 0.026851851
2 0.51927084 0.7087963 0.13541667 0.21574074
2 0.6276042 0.6958333 0.10208333 0.15092592
2 0.67265624 0.675 0.0546875 0.044444446
2 0.7291667 0.70092595 0.10625 0.12592593
2 0.825 0.67777777 0.09375 0.05925926
1 0.86927086 0.7152778 0.032291666 0.11388889
1 0.8872396 0.6888889 0.0265625 0.04074074
0 0.9481771 0.7046296 0.0265625 0.12222222
2 0.9515625 0.68564814 0.096875 0.09166667
3 0.3328125 0.6240741 0.083333336 0.14629629
