2 0.28671876 0.6898148 0.07239583 0.085185185
2 0.3361979 0.68935186 0.043229166 0.05462963
4 0.42005208 0.66712964 0.0234375 0.043518517
2 0.45703125 0.70046294 0.049479168 0.075
2 0.49296874 0.6828704 0.015104166 0.026851851
2 0.4768229 0.68472224 0.019270834 0.036111113
3 0.49635416 0.6699074 0.015625 0.047222223
0 0.5052083 0.68472224 0.008333334 0.026851851
2 0.6226562 0.6935185 0.075520836 0.05925926
1 0.65234375 0.7407407 0.0453125 0.17222223
4 0.95 0.6324074 0.098958336 0.096296296
4 0.88177085 0.6425926 0.140625 0.085185185
3 0.5942708 0.67083335 0.059375 0.05648148
