2 0.11536458 0.7638889 0.23072916 0.2537037
1 0.8466146 0.6148148 0.027604166 0.07777778
1 0.80859375 0.6180556 0.025520833 0.0787037
1 0.7674479 0.6009259 0.0171875 0.05925926
2 0.5375 0.6018519 0.039583333 0.05
2 0.37838542 0.58842593 0.025520833 0.03425926
2 0.42265624 0.587963 0.022395832 0.031481482
2 0.46979168 0.5787037 0.016666668 0.027777778
4 0.52473956 0.56574076 0.0171875 0.03888889
3 0.49739584 0.56296295 0.017708333 0.042592593
1 0.6638021 0.5902778 0.0140625 0.041666668
2 0.3513021 0.587963 0.0203125 0.02962963
3 0.44166666 0.5587963 0.011458334 0.028703704
1 0.6489583 0.59074074 0.014583333 0.03888889
1 0.7328125 0.5962963 0.01875 0.053703703
2 0.48619792 0.5699074 0.009895833 0.012037037
3 0.47942707 0.5574074 0.019270834 0.031481482
