1 0.07109375 0.64444447 0.033854168 0.05
3 0.44348958 0.62222224 0.0390625 0.075925924
3 0.48619792 0.6259259 0.0296875 0.053703703
1 0.5484375 0.6574074 0.035416666 0.05185185
3 0.5783854 0.64166665 0.0234375 0.042592593
1 0.6273438 0.66018516 0.0421875 0.055555556
1 0.7260417 0.66944444 0.035416666 0.053703703
1 0.7601563 0.73425925 0.1515625 0.23888889
2 0.346875 0.7675926 0.21875 0.30185184
2 0.23333333 0.6800926 0.13541667 0.14907408
2 0.38958332 0.66481483 0.128125 0.12037037
3 0.37708333 0.61203706 0.11770833 0.14629629
