0 0.21041666 0.6564815 0.009375 0.053703703
1 0.22786458 0.65833336 0.021354167 0.05740741
2 0.28229168 0.65694445 0.103125 0.13055556
1 0.34869793 0.6458333 0.009895833 0.036111113
4 0.42786458 0.62777776 0.0390625 0.05925926
2 0.4671875 0.64166665 0.015625 0.022222223
2 0.453125 0.6402778 0.013541667 0.019444445
2 0.48723957 0.6421296 0.0140625 0.023148147
2 0.5203125 0.66944444 0.07083333 0.11111111
2 0.55078125 0.649537 0.0265625 0.043518517
2 0.60026044 0.65694445 0.061979167 0.08611111
1 0.7033854 0.66805553 0.018229166 0.0712963
1 0.7265625 0.6759259 0.020833334 0.08888889
0 0.6872396 0.6611111 0.009895833 0.05185185
1 0.8278646 0.68935186 0.031770833 0.10277778
1 0.9721354 0.7199074 0.053645834 0.20092593
0 0.9429687 0.6935185 0.019270834 0.11481482
