1 0.8989583 0.77685183 0.035416666 0.11666667
1 0.55598956 0.7638889 0.016145833 0.06111111
1 0.53333336 0.7592593 0.014583333 0.048148148
2 0.4296875 0.7375 0.0125 0.025
2 0.41145834 0.74027777 0.009375 0.015740741
3 0.41328126 0.7300926 0.0140625 0.03425926
2 0.40052083 0.73888886 0.013541667 0.022222223
2 0.38697916 0.73888886 0.011458334 0.016666668
3 0.3830729 0.72962964 0.0171875 0.027777778
1 0.29192707 0.7523148 0.034895834 0.12685186
3 0.24453124 0.7013889 0.09322917 0.13240741
2 0.20364584 0.7347222 0.039583333 0.05277778
3 0.1 0.67777777 0.2 0.24074075
