2 0.04453125 0.6199074 0.086979166 0.108333334
0 0.18359375 0.62222224 0.013020833 0.06111111
1 0.24270834 0.65185183 0.04375 0.15185185
1 0.26171875 0.63472223 0.025520833 0.12314815
1 0.35416666 0.6328704 0.013541667 0.047222223
1 0.33489582 0.63611114 0.010416667 0.035185184
2 0.4143229 0.63611114 0.0390625 0.042592593
2 0.4375 0.6300926 0.011458334 0.019444445
0 0.46770832 0.63564813 0.010416667 0.050925925
2 0.45885417 0.6287037 0.010416667 0.016666668
2 0.48828125 0.63148147 0.009895833 0.014814815
2 0.5179688 0.6351852 0.027604166 0.035185184
2 0.5359375 0.6398148 0.010416667 0.044444446
1 0.5921875 0.64166665 0.041666668 0.06481481
2 0.67317706 0.68333334 0.1453125 0.17962962
2 0.8328125 0.77916664 0.33229166 0.3712963
0 0.48854166 0.65185183 0.009375 0.025925925
