2 0.1 0.6912037 0.19583334 0.17870371
2 0.296875 0.650463 0.078125 0.08425926
2 0.3518229 0.6310185 0.052604165 0.058333334
2 0.40442708 0.6203704 0.019270834 0.025925925
2 0.42005208 0.61527777 0.018229166 0.025
3 0.44140625 0.6111111 0.018229166 0.037037037
2 0.45625 0.6087963 0.013541667 0.017592592
2 0.53776044 0.6458333 0.0671875 0.11203704
2 0.5914062 0.6324074 0.049479168 0.07962963
2 0.50390625 0.60601854 0.0109375 0.017592592
2 0.33098957 0.60555553 0.018229166 0.02037037
1 0.6372396 0.6324074 0.011979166 0.04074074
