2 0.18359375 0.7092593 0.3390625 0.28703704
2 0.33385417 0.6481481 0.110416666 0.10185185
2 0.40026042 0.6388889 0.06302083 0.087037034
2 0.43151042 0.6365741 0.06302083 0.06944445
2 0.49296874 0.6365741 0.096354164 0.16203703
2 0.5416667 0.6300926 0.028125 0.037962962
2 0.64192706 0.63935184 0.041145835 0.05462963
2 0.5890625 0.6240741 0.011458334 0.016666668
2 0.6 0.6226852 0.0125 0.026851851
2 0.6140625 0.61944443 0.0125 0.018518519
2 0.665625 0.6259259 0.015625 0.025925925
1 0.7106771 0.62916666 0.0067708334 0.021296296
