1 0.8203125 0.7453704 0.0125 0.11666667
0 0.80677086 0.67685187 0.028125 0.14444445
1 0.78020835 0.6736111 0.019791666 0.06388889
1 0.7515625 0.67083335 0.015625 0.05648148
2 0.5234375 0.65185183 0.035416666 0.05
2 0.49609375 0.6412037 0.0203125 0.037962962
2 0.4674479 0.66064817 0.0515625 0.075
2 0.44036457 0.6375 0.0109375 0.017592592
3 0.42473957 0.63148147 0.008854167 0.018518519
1 0.3640625 0.6402778 0.0052083335 0.019444445
1 0.35520834 0.6402778 0.00625 0.023148147
2 0.09140625 0.6925926 0.18177083 0.18518518
