2 0.02734375 0.67407405 0.053645834 0.10185185
0 0.028125 0.6796296 0.025 0.12407407
2 0.073177084 0.64074075 0.030729167 0.025925925
2 0.14296874 0.6467593 0.040104166 0.037962962
2 0.17083333 0.64444447 0.028125 0.033333335
2 0.19765624 0.65185183 0.044270832 0.042592593
2 0.26640624 0.6449074 0.031770833 0.032407407
2 0.30260417 0.6634259 0.058333334 0.06574074
2 0.35729167 0.67685187 0.072916664 0.098148145
2 0.4533854 0.7574074 0.2359375 0.3314815
0 0.54322916 0.65694445 0.010416667 0.07685185
2 0.86927086 0.7902778 0.26145834 0.30833334
0 0.903125 0.75648147 0.079166666 0.42777777
