2 0.79895836 0.7861111 0.40208334 0.42407408
2 0.4934896 0.6310185 0.0140625 0.021296296
2 0.49817708 0.6337963 0.019270834 0.026851851
2 0.4856771 0.6287037 0.009895833 0.016666668
2 0.4684896 0.63148147 0.016145833 0.024074074
2 0.4440104 0.6287037 0.009895833 0.0129629625
2 0.4140625 0.63148147 0.015625 0.022222223
2 0.40338543 0.63472223 0.0203125 0.03425926
2 0.38697916 0.6412037 0.029166667 0.037962962
2 0.21822916 0.6388889 0.030208332 0.033333335
2 0.16692708 0.64305556 0.044270832 0.036111113
2 0.13020833 0.6490741 0.047916666 0.044444446
1 0.114322916 0.6527778 0.021354167 0.05925926
2 0.0953125 0.6449074 0.063541666 0.06944445
