4 0.2 0.6037037 0.08541667 0.10555556
2 0.2546875 0.6162037 0.029166667 0.049074072
2 0.28723958 0.62175924 0.018229166 0.023148147
2 0.33880207 0.63796294 0.0640625 0.11296296
2 0.37109375 0.6296296 0.036979165 0.053703703
2 0.40338543 0.6101852 0.0140625 0.02962963
2 0.41145834 0.6189815 0.019791666 0.028703704
2 0.43177083 0.61388886 0.022916667 0.053703703
3 0.44765624 0.6009259 0.009895833 0.022222223
3 0.45104167 0.59675926 0.010416667 0.028703704
3 0.48619792 0.59212965 0.0390625 0.09351852
2 0.52552086 0.6199074 0.023958333 0.030555556
2 0.53541666 0.6263889 0.028125 0.032407407
2 0.5648438 0.6263889 0.038020834 0.049074072
