0 0.025520833 0.6212963 0.017708333 0.07962963
0 0.084375 0.6273148 0.0125 0.08055556
2 0.0359375 0.775463 0.071875 0.30462962
1 0.13385417 0.65 0.033333335 0.12037037
2 0.20546874 0.6560185 0.17552084 0.21944444
2 0.39453125 0.75185186 0.31614584 0.45185184
1 0.55052084 0.6287037 0.014583333 0.055555556
1 0.5289062 0.62685186 0.0109375 0.05925926
1 0.5708333 0.63842595 0.01875 0.09907407
2 0.5622396 0.62824076 0.0140625 0.062037036
2 0.5942708 0.6300926 0.054166667 0.058333334
1 0.60859376 0.6398148 0.0234375 0.096296296
0 0.7523438 0.61388886 0.018229166 0.083333336
0 0.7078125 0.6018519 0.011458334 0.05925926
0 0.6986979 0.60555553 0.0109375 0.05740741
1 0.9653646 0.662963 0.069270834 0.36666667
