0 0.39921874 0.71574074 0.14010416 0.2611111
2 0.38697916 0.6921296 0.33229166 0.24537037
0 0.70885414 0.7546296 0.075 0.24444444
0 0.7127604 0.71435183 0.07864583 0.28796297
0 0.8773438 0.7398148 0.0359375 0.18518518
0 0.9039062 0.7189815 0.0578125 0.24351852
0 0.96510416 0.75972223 0.040625 0.23055555
0 0.9828125 0.72083336 0.032291666 0.325
0 0.5552083 0.6662037 0.015625 0.097222224
0 0.5903646 0.6736111 0.024479168 0.09166667
0 0.6544271 0.6828704 0.028645834 0.108333334
2 0.6174479 0.66064817 0.031770833 0.047222223
2 0.30755207 0.6611111 0.0484375 0.07037037
0 0.21979167 0.6787037 0.017708333 0.08148148
0 0.22109374 0.6722222 0.0171875 0.09259259
0 0.13880208 0.7268519 0.049479168 0.22407408
0 0.1203125 0.70787036 0.059375 0.275
0 0.0953125 0.6925926 0.021875 0.11481482
0 0.014322917 0.71666664 0.027604166 0.18888889
0 0.052864585 0.6967593 0.0390625 0.20277777
0 0.021614583 0.6925926 0.019270834 0.16666667
0 0.7856771 0.6990741 0.022395832 0.07037037
0 0.8276042 0.6888889 0.020833334 0.098148145
