4 0.5059896 0.59907407 0.1109375 0.21481481
2 0.44609374 0.5574074 0.008854167 0.014814815
2 0.44244793 0.5865741 0.0203125 0.03425926
2 0.43255207 0.5939815 0.0296875 0.043518517
3 0.42005208 0.5541667 0.013020833 0.015740741
3 0.41510418 0.55185187 0.014583333 0.022222223
2 0.41484374 0.56435186 0.0109375 0.017592592
2 0.40364584 0.5648148 0.013541667 0.02037037
2 0.39322916 0.5638889 0.013541667 0.02037037
2 0.40807292 0.5796296 0.0234375 0.031481482
2 0.378125 0.57314813 0.017708333 0.024074074
3 0.3703125 0.55277777 0.022916667 0.046296295
2 0.353125 0.5685185 0.027083334 0.042592593
2 0.33411458 0.5717593 0.021354167 0.030555556
1 0.32135418 0.5671296 0.0072916667 0.023148147
1 0.31458333 0.56435186 0.008333334 0.017592592
1 0.31041667 0.5685185 0.00625 0.024074074
2 0.29088542 0.5824074 0.030729167 0.033333335
1 0.27552083 0.5763889 0.009375 0.026851851
2 0.3138021 0.6324074 0.0765625 0.09074074
4 0.225 0.56805557 0.094791666 0.10462963
1 0.1171875 0.5962963 0.017708333 0.05185185
