2 0.15807292 0.7023148 0.19427083 0.19907407
1 0.32604167 0.6634259 0.009375 0.039814815
0 0.31666666 0.65787035 0.009375 0.047222223
1 0.30859375 0.6652778 0.008854167 0.037962962
2 0.44921875 0.6486111 0.021354167 0.03425926
2 0.5393229 0.64398146 0.015104166 0.025
2 0.51927084 0.6486111 0.026041666 0.036111113
2 0.5815104 0.662037 0.055729166 0.083333336
0 0.71796876 0.63611114 0.008854167 0.04074074
0 0.81458336 0.66805553 0.013541667 0.08796296
0 0.80104166 0.65555555 0.020833334 0.11111111
0 0.78255206 0.6560185 0.025520833 0.11018518
0 0.74635416 0.649537 0.020833334 0.09351852
0 0.9018229 0.66064817 0.021354167 0.05462963
