2 0.05234375 0.7361111 0.1046875 0.33333334
2 0.203125 0.7259259 0.21145834 0.27222222
2 0.3203125 0.7027778 0.16875 0.2
2 0.41328126 0.68935186 0.1484375 0.16388889
2 0.5132812 0.68935186 0.14427084 0.12685186
2 0.5757812 0.6800926 0.14010416 0.108333334
2 0.653125 0.6782407 0.14166667 0.10462963
2 0.5932292 0.65185183 0.10729167 0.09074074
0 0.66822916 0.6782407 0.027083334 0.13240741
3 0.86848956 0.60555553 0.26197916 0.19814815
2 0.9270833 0.7875 0.14270833 0.27685186
3 0.9486979 0.6925926 0.09947917 0.2574074
