1 0.027604166 0.6097222 0.04375 0.073148146
1 0.13385417 0.61851853 0.017708333 0.075925924
0 0.15885417 0.6162037 0.015625 0.08796296
2 0.2171875 0.65787035 0.153125 0.16944444
1 0.30651042 0.61851853 0.015104166 0.072222225
2 0.3606771 0.60925925 0.036979165 0.05740741
2 0.43151042 0.64305556 0.12447917 0.19907407
1 0.59375 0.62453705 0.023958333 0.09351852
1 0.6119792 0.6175926 0.01875 0.07037037
1 0.6778646 0.6310185 0.022395832 0.08981481
2 0.73515624 0.6064815 0.0859375 0.048148148
3 0.8151042 0.59814817 0.08958333 0.06111111
