4 0.041145835 0.6074074 0.08229167 0.2
0 0.12473958 0.63055557 0.0140625 0.05185185
0 0.10234375 0.6333333 0.013020833 0.05185185
2 0.18984374 0.6458333 0.069270834 0.06574074
2 0.24140625 0.63611114 0.0484375 0.048148148
3 0.30260417 0.6148148 0.05 0.06851852
0 0.34739584 0.62546295 0.009375 0.06388889
0 0.35651043 0.62777776 0.011979166 0.044444446
0 0.39270833 0.6388889 0.015625 0.037037037
3 0.40989584 0.5962963 0.023958333 0.042592593
3 0.42395833 0.6050926 0.019791666 0.036111113
3 0.94921875 0.60231483 0.100520834 0.23055555
2 0.3390625 0.6199074 0.029166667 0.032407407
2 0.48125 0.61296296 0.010416667 0.011111111
0 0.092708334 0.6324074 0.008333334 0.05
