4 0.96302086 0.6634259 0.072916664 0.16388889
2 0.74375 0.6875 0.17916666 0.14722222
0 0.63671875 0.66018516 0.0078125 0.04074074
1 0.62369794 0.6587963 0.0109375 0.041666668
0 0.615625 0.6550926 0.0072916667 0.03425926
1 0.45703125 0.65416664 0.013020833 0.047222223
3 0.42005208 0.6296296 0.0234375 0.05740741
2 0.40885416 0.6472222 0.021875 0.037037037
1 0.4046875 0.65 0.011458334 0.042592593
2 0.38567707 0.65324074 0.034895834 0.04537037
2 0.35494792 0.6462963 0.0234375 0.042592593
2 0.33697918 0.650463 0.036458332 0.041666668
0 0.3122396 0.649537 0.008854167 0.058333334
2 0.3015625 0.6449074 0.029166667 0.04537037
2 0.28046876 0.65324074 0.041145835 0.043518517
2 0.22057292 0.65185183 0.046354167 0.044444446
2 0.06692708 0.6828704 0.13385417 0.16944444
