3 0.19375 0.6351852 0.110416666 0.083333336
2 0.22630209 0.6550926 0.084895834 0.09351852
1 0.27239582 0.650463 0.009375 0.032407407
1 0.28411457 0.65231484 0.011979166 0.037962962
3 0.40520832 0.6199074 0.067708336 0.14351852
3 0.45729166 0.64305556 0.009375 0.019444445
2 0.47057292 0.6449074 0.0078125 0.012037037
2 0.48046875 0.64398146 0.009895833 0.021296296
4 0.50416666 0.63935184 0.016666668 0.037962962
2 0.50651044 0.6472222 0.018229166 0.025925925
1 0.68359375 0.6726852 0.015104166 0.075
3 0.5578125 0.61064816 0.06979167 0.16574074
4 0.3580729 0.64537036 0.0067708334 0.024074074
