0 0.9169271 0.64537036 0.027604166 0.14074074
2 0.5528646 0.6273148 0.0421875 0.06574074
1 0.5265625 0.6342593 0.017708333 0.07037037
1 0.51171875 0.6287037 0.011979166 0.05185185
1 0.503125 0.6212963 0.010416667 0.037037037
2 0.45390624 0.650463 0.08385417 0.13240741
3 0.42916667 0.5986111 0.03125 0.075
2 0.40208334 0.62777776 0.033333335 0.05
2 0.38020834 0.6319444 0.053125 0.06759259
2 0.27057293 0.64398146 0.1203125 0.15648147
0 0.08776042 0.61944443 0.018229166 0.096296296
0 0.046614584 0.62546295 0.018229166 0.106481485
0 0.017447917 0.62777776 0.016145833 0.085185185
