2 0.77708334 0.84768516 0.30208334 0.29537037
4 0.71953124 0.72268516 0.20677084 0.23425926
2 0.6171875 0.78564817 0.11666667 0.14351852
2 0.5609375 0.7671296 0.07083333 0.09907407
3 0.5367187 0.7361111 0.059895832 0.11296296
2 0.5096354 0.7509259 0.0328125 0.05925926
3 0.5 0.7106481 0.0625 0.119444445
2 0.434375 0.7407407 0.034375 0.055555556
3 0.47604167 0.7189815 0.067708336 0.05462963
0 0.4143229 0.73333335 0.009895833 0.042592593
1 0.39739582 0.7277778 0.015625 0.037037037
0 0.38776043 0.73101854 0.005729167 0.039814815
0 0.37265626 0.7300926 0.008854167 0.041666668
0 0.3596354 0.7287037 0.009895833 0.042592593
0 0.3484375 0.7277778 0.008333334 0.044444446
2 0.3283854 0.7222222 0.043229166 0.035185184
0 0.3015625 0.724537 0.008333334 0.04537037
3 0.21276042 0.69166666 0.14947917 0.083333336
2 0.15807292 0.7013889 0.0390625 0.032407407
2 0.098697916 0.6958333 0.0453125 0.037962962
