0 0.0078125 0.6009259 0.015625 0.23148148
0 0.051302083 0.5712963 0.015104166 0.07777778
1 0.10625 0.5787037 0.033333335 0.06666667
2 0.1328125 0.5611111 0.090625 0.05925926
2 0.17369792 0.5703704 0.06822917 0.055555556
2 0.22526042 0.57222223 0.040104166 0.031481482
2 0.39453125 0.73796296 0.4078125 0.51666665
1 0.7846354 0.6921296 0.07760417 0.2935185
1 0.8091146 0.6662037 0.049479168 0.21574074
1 0.85572916 0.6296296 0.034375 0.15
1 0.92057294 0.72175926 0.118229166 0.3287037
1 0.9828125 0.6587963 0.032291666 0.23055555
