1 0.0875 0.65462965 0.032291666 0.094444446
1 0.13984375 0.65185183 0.025520833 0.072222225
1 0.16223958 0.64768517 0.019270834 0.06759259
0 0.058072917 0.63842595 0.018229166 0.0787037
0 0.03828125 0.6351852 0.0140625 0.07037037
4 0.29453126 0.5888889 0.25260416 0.36296296
2 0.51692706 0.69398147 0.1234375 0.18055555
2 0.44322917 0.6467593 0.039583333 0.05648148
2 0.5875 0.6527778 0.063541666 0.05740741
1 0.64713544 0.6657407 0.0203125 0.08148148
1 0.6658854 0.6527778 0.013020833 0.07962963
1 0.8825521 0.7291667 0.08802083 0.33796296
0 0.8197917 0.6486111 0.014583333 0.08981481
1 0.67864585 0.6490741 0.015625 0.06481481
