1 0.017447917 0.6967593 0.019270834 0.06944445
1 0.0984375 0.7083333 0.017708333 0.05925926
1 0.12473958 0.7097222 0.013020833 0.047222223
1 0.13776042 0.71018517 0.0140625 0.05
2 0.1796875 0.7125 0.061458334 0.06759259
2 0.22265625 0.71944445 0.034895834 0.044444446
2 0.284375 0.712037 0.035416666 0.05185185
2 0.3078125 0.7162037 0.023958333 0.037962962
2 0.33177084 0.71712965 0.023958333 0.037962962
3 0.34609374 0.70648146 0.027604166 0.06111111
2 0.378125 0.7222222 0.013541667 0.02037037
2 0.39270833 0.72175926 0.013541667 0.021296296
2 0.36015624 0.72175926 0.016145833 0.026851851
2 0.4841146 0.75555557 0.15572916 0.22037037
2 0.6190104 0.71944445 0.07760417 0.1388889
2 0.74583334 0.7509259 0.24270834 0.2962963
1 0.875 0.7175926 0.025 0.09074074
