2 0.0375 0.5972222 0.075 0.12222222
0 0.083333336 0.5842593 0.014583333 0.06666667
2 0.123958334 0.5837963 0.046875 0.05462963
3 0.23411459 0.587037 0.0609375 0.07037037
1 0.3625 0.59305555 0.00625 0.017592592
2 0.38984376 0.59814817 0.018229166 0.025925925
2 0.390625 0.59074074 0.013541667 0.02962963
1 0.40859374 0.5962963 0.005729167 0.024074074
1 0.41666666 0.6032407 0.0072916667 0.032407407
3 0.43046874 0.59212965 0.021354167 0.036111113
2 0.44375 0.6027778 0.027083334 0.035185184
2 0.4875 0.63055557 0.060416665 0.07777778
0 0.5132812 0.60462964 0.0067708334 0.035185184
