2 0.050260417 0.75046295 0.100520834 0.31203705
2 0.18203124 0.68703705 0.10989583 0.1388889
2 0.28984374 0.66944444 0.09427083 0.1037037
2 0.3596354 0.65416664 0.056770835 0.06574074
2 0.425 0.65231484 0.03125 0.037962962
2 0.40546876 0.65185183 0.025520833 0.037037037
2 0.4453125 0.6467593 0.021875 0.037962962
2 0.47083333 0.6449074 0.017708333 0.026851851
2 0.45703125 0.64537036 0.015104166 0.024074074
2 0.546875 0.6722222 0.10729167 0.16666667
2 0.703125 0.6666667 0.11666667 0.13703704
2 0.865625 0.6412037 0.10625 0.05648148
2 0.63359374 0.63935184 0.015104166 0.021296296
1 0.8492187 0.6425926 0.0265625 0.09074074
1 0.8109375 0.64166665 0.023958333 0.05740741
1 0.98515624 0.63611114 0.027604166 0.072222225
2 0.7455729 0.63703704 0.080729164 0.074074075
1 0.6088542 0.6435185 0.0072916667 0.02962963
