0 0.14739583 0.6263889 0.020833334 0.09907407
0 0.16692708 0.63703704 0.018229166 0.11111111
2 0.140625 0.62916666 0.08125 0.05462963
3 0.0703125 0.59212965 0.140625 0.117592596
2 0.25703126 0.6342593 0.09947917 0.087037034
2 0.3190104 0.63935184 0.084895834 0.060185187
0 0.3734375 0.64398146 0.011458334 0.047222223
2 0.4690104 0.66944444 0.08177083 0.13148148
2 0.4328125 0.64537036 0.07395833 0.05925926
3 0.5541667 0.62824076 0.12291667 0.10092592
3 0.6736979 0.60925925 0.25052083 0.16666667
0 0.7484375 0.6675926 0.022916667 0.087037034
1 0.8653646 0.6837963 0.046354167 0.0787037
