2 0.16744791 0.68935186 0.122395836 0.11388889
2 0.25286457 0.675 0.075520836 0.083333336
1 0.49505207 0.65185183 0.0140625 0.05185185
1 0.46510416 0.6458333 0.00625 0.028703704
2 0.52916664 0.64166665 0.015625 0.022222223
2 0.9692708 0.6162037 0.061458334 0.20277777
2 0.9164063 0.62083334 0.16510417 0.1712963
2 0.7320312 0.62685186 0.11302083 0.07037037
0 0.6117188 0.6388889 0.0109375 0.05185185
1 0.353125 0.65787035 0.010416667 0.04537037
2 0.515625 0.62916666 0.008333334 0.013888889
1 0.50625 0.6449074 0.0072916667 0.028703704
2 0.44791666 0.64398146 0.014583333 0.019444445
