3 0.73229164 0.6935185 0.061458334 0.05925926
2 0.68046874 0.7083333 0.047395833 0.027777778
1 0.6408854 0.7236111 0.013020833 0.05277778
2 0.5955729 0.7074074 0.046354167 0.027777778
4 0.56041664 0.6935185 0.075 0.11851852
2 0.49739584 0.7287037 0.05625 0.07962963
2 0.484375 0.6865741 0.098958336 0.06574074
2 0.43046874 0.7 0.0171875 0.022222223
3 0.41119793 0.6837963 0.0234375 0.047222223
2 0.36015624 0.72175926 0.0953125 0.12685186
2 0.31354168 0.71435183 0.035416666 0.04537037
2 0.2578125 0.70185184 0.05 0.031481482
2 0.21979167 0.6935185 0.052083332 0.053703703
2 0.13645834 0.6912037 0.053125 0.041666668
3 0.042708334 0.67083335 0.08541667 0.062037036
