2 0.9533854 0.66712964 0.0921875 0.10462963
0 0.7309896 0.63148147 0.0203125 0.08888889
3 0.5815104 0.587037 0.050520834 0.12222222
1 0.5492188 0.61944443 0.011979166 0.05185185
3 0.5424479 0.6259259 0.0171875 0.05740741
3 0.4924479 0.600463 0.09010417 0.14722222
2 0.4544271 0.6037037 0.021354167 0.02962963
2 0.425 0.6027778 0.038541667 0.072222225
2 0.38567707 0.63842595 0.0578125 0.075
2 0.36119792 0.59074074 0.0109375 0.022222223
1 0.34270832 0.6032407 0.0072916667 0.025
1 0.33411458 0.6041667 0.0078125 0.023148147
1 0.32109374 0.6037037 0.0067708334 0.025925925
1 0.3049479 0.60694444 0.0078125 0.026851851
1 0.2575521 0.61203706 0.009895833 0.037037037
1 0.23776041 0.6162037 0.011979166 0.039814815
1 0.22838542 0.6166667 0.011979166 0.04074074
3 0.086979166 0.60833335 0.17395833 0.21481481
