2 0.9341146 0.7648148 0.13177083 0.17407407
2 0.44765624 0.7902778 0.3359375 0.41574073
2 0.33411458 0.72314817 0.12447917 0.22407408
3 0.3046875 0.650463 0.06666667 0.11203704
3 0.22838542 0.66712964 0.0671875 0.11574074
2 0.209375 0.6935185 0.078125 0.107407406
2 0.17864583 0.65833336 0.014583333 0.022222223
2 0.15755208 0.6699074 0.0390625 0.05277778
2 0.1375 0.66064817 0.0125 0.019444445
3 0.13359375 0.65231484 0.013020833 0.026851851
3 0.11796875 0.650463 0.018229166 0.039814815
2 0.110677086 0.65416664 0.019270834 0.030555556
1 0.0703125 0.65555555 0.013541667 0.022222223
2 0.023697916 0.64537036 0.047395833 0.037037037
