2 0.9046875 0.6976852 0.190625 0.19166666
2 0.66484374 0.6481481 0.0234375 0.02037037
2 0.6304687 0.6861111 0.07239583 0.096296296
2 0.5669271 0.675 0.0359375 0.048148148
2 0.54765624 0.6564815 0.0234375 0.048148148
2 0.49427083 0.66157407 0.015625 0.023148147
2 0.46354166 0.6611111 0.016666668 0.02037037
2 0.41822916 0.6773148 0.035416666 0.049074072
4 0.3752604 0.6527778 0.043229166 0.033333335
1 0.3625 0.66805553 0.00625 0.021296296
0 0.16145833 0.6925926 0.0125 0.06111111
0 0.125 0.6953704 0.0125 0.06481481
2 0.03671875 0.7449074 0.0734375 0.19166666
