0 0.24609375 0.6643519 0.028645834 0.14537036
2 0.34192708 0.65092593 0.0421875 0.05
2 0.3815104 0.6435185 0.028645834 0.04074074
2 0.42083332 0.64166665 0.0125 0.018518519
2 0.46171874 0.6472222 0.025520833 0.03888889
5 0.61015624 0.6851852 0.071354166 0.19444445
2 0.8609375 0.6652778 0.13958333 0.09537037
2 0.7518229 0.6574074 0.13072917 0.096296296
2 0.71510416 0.6490741 0.13958333 0.08888889
2 0.6890625 0.6550926 0.08958333 0.08055556
3 0.60234374 0.63703704 0.1171875 0.085185185
2 0.9169271 0.67777777 0.1640625 0.12037037
