2 0.4924479 0.72083336 0.025520833 0.03425926
2 0.5078125 0.712037 0.011458334 0.014814815
4 0.49765626 0.70555556 0.011979166 0.025925925
2 0.48151043 0.7152778 0.011979166 0.019444445
2 0.45598957 0.7111111 0.008854167 0.016666668
2 0.4515625 0.7115741 0.011458334 0.019444445
0 0.6700521 0.7282407 0.011979166 0.049074072
2 0.76692706 0.71805555 0.050520834 0.047222223
2 0.821875 0.72083336 0.088541664 0.062037036
2 0.8567708 0.71805555 0.07083333 0.060185187
2 0.9216146 0.7138889 0.09947917 0.07037037
1 0.96979165 0.7314815 0.046875 0.12037037
2 0.97005206 0.7115741 0.059895832 0.06944445
