2 0.0234375 0.6722222 0.046875 0.05925926
3 0.122395836 0.6236111 0.115625 0.10462963
2 0.20260416 0.6388889 0.0375 0.037037037
2 0.39921874 0.61203706 0.011979166 0.018518519
3 0.409375 0.60462964 0.010416667 0.025925925
3 0.41796875 0.60601854 0.013020833 0.023148147
3 0.43072918 0.60462964 0.015625 0.022222223
3 0.4518229 0.600463 0.0265625 0.041666668
2 0.45520833 0.6134259 0.01875 0.023148147
3 0.48619792 0.587037 0.0421875 0.1037037
2 0.5080729 0.6300926 0.031770833 0.043518517
3 0.5395833 0.61064816 0.042708334 0.05277778
2 0.5450521 0.64398146 0.050520834 0.06759259
2 0.58177084 0.6296296 0.039583333 0.05
3 0.82942706 0.65787035 0.34010416 0.675
