3 0.0515625 0.4888889 0.103125 0.6074074
3 0.15182291 0.6037037 0.075520836 0.11666667
2 0.20260416 0.6300926 0.065625 0.073148146
2 0.28046876 0.62777776 0.036979165 0.03888889
2 0.25078124 0.6259259 0.0296875 0.031481482
2 0.34765625 0.6226852 0.034895834 0.050925925
2 0.32265624 0.6226852 0.019270834 0.028703704
2 0.30755207 0.6189815 0.0203125 0.023148147
3 0.40234375 0.60462964 0.0140625 0.03888889
0 0.9841146 0.63703704 0.031770833 0.096296296
2 0.42604166 0.61296296 0.0072916667 0.009259259
2 0.8802083 0.6412037 0.15104167 0.10277778
