2 0.07213542 0.73194444 0.14427084 0.37685186
2 0.15 0.72037035 0.109375 0.11111111
2 0.22994791 0.70416665 0.056770835 0.062037036
2 0.31171876 0.69398147 0.031770833 0.039814815
2 0.3596354 0.6875 0.021354167 0.028703704
2 0.37109375 0.68425924 0.027604166 0.04074074
3 0.43567708 0.6550926 0.031770833 0.075
2 0.38697916 0.68194443 0.013541667 0.021296296
2 0.46614584 0.6726852 0.009375 0.013888889
2 0.47942707 0.67175925 0.009895833 0.013888889
2 0.48645833 0.6726852 0.009375 0.017592592
2 0.69739586 0.6462963 0.05625 0.04074074
2 0.70104164 0.6550926 0.051041666 0.037962962
2 0.7476562 0.6490741 0.0671875 0.05925926
2 0.7846354 0.64398146 0.0703125 0.06944445
1 0.853125 0.6884259 0.048958335 0.15833333
