0 0.0203125 0.6921296 0.010416667 0.058333334
0 0.060416665 0.68425924 0.0072916667 0.025925925
0 0.104166664 0.6865741 0.015625 0.049074072
0 0.12526041 0.6814815 0.005729167 0.02962963
2 0.16614583 0.6824074 0.016666668 0.022222223
4 0.171875 0.6736111 0.021875 0.039814815
2 0.19895834 0.6805556 0.016666668 0.025925925
3 0.2078125 0.675 0.014583333 0.037037037
2 0.22760417 0.6805556 0.017708333 0.024074074
2 0.27057293 0.7 0.0703125 0.10185185
3 0.2971354 0.6402778 0.0765625 0.18611111
2 0.3484375 0.67777777 0.0375 0.027777778
2 0.38776043 0.6884259 0.0609375 0.08981481
2 0.48203126 0.66944444 0.0515625 0.037037037
0 0.58463544 0.6736111 0.0109375 0.043518517
0 0.67552084 0.6782407 0.0072916667 0.04537037
0 0.65494794 0.6722222 0.011979166 0.044444446
0 0.6997396 0.67638886 0.011979166 0.049074072
0 0.7135417 0.6759259 0.014583333 0.062962964
0 0.73854166 0.6782407 0.0125 0.06759259
