2 0.062239584 0.6157407 0.1234375 0.12407407
3 0.31015626 0.58194447 0.16822916 0.2361111
2 0.4171875 0.6365741 0.08020833 0.08425926
2 0.46666667 0.63564813 0.048958335 0.06574074
2 0.5002604 0.62824076 0.034895834 0.041666668
2 0.53828126 0.62546295 0.0421875 0.04537037
2 0.56822914 0.6273148 0.03125 0.03425926
2 0.59375 0.6287037 0.022916667 0.027777778
1 0.728125 0.66805553 0.028125 0.09166667
1 0.7338542 0.68194443 0.034375 0.121296294
1 0.7622396 0.6759259 0.0234375 0.085185185
1 0.82109374 0.6824074 0.033854168 0.12777779
1 0.8861979 0.6944444 0.038020834 0.11296296
1 0.9419271 0.7050926 0.07760417 0.15462963
