2 0.019791666 0.70555556 0.039583333 0.07037037
2 0.036979165 0.69953704 0.071875 0.0712963
1 0.10859375 0.6865741 0.0328125 0.05462963
2 0.16015625 0.72175926 0.1296875 0.11388889
2 0.30390626 0.69722223 0.056770835 0.06481481
1 0.34661457 0.69305557 0.022395832 0.073148146
2 0.29296875 0.67175925 0.052604165 0.04537037
2 0.39270833 0.6722222 0.03125 0.025925925
0 0.40729168 0.6782407 0.009375 0.041666668
0 0.42760417 0.6791667 0.00625 0.036111113
2 0.41328126 0.6782407 0.030729167 0.032407407
1 0.48932293 0.675 0.031770833 0.044444446
2 0.521875 0.67083335 0.019791666 0.026851851
2 0.54036456 0.6726852 0.0265625 0.037962962
2 0.55546874 0.6657407 0.018229166 0.024074074
2 0.58984375 0.6666667 0.016145833 0.022222223
2 0.6117188 0.6634259 0.016145833 0.015740741
