2 0.02734375 0.6800926 0.0546875 0.20648149
0 0.18828125 0.6888889 0.008854167 0.04074074
0 0.21015625 0.6875 0.008854167 0.037962962
1 0.29609376 0.67685187 0.0078125 0.02962963
2 0.33776042 0.6736111 0.0234375 0.026851851
2 0.36328125 0.67314816 0.0265625 0.037037037
5 0.39375 0.6699074 0.017708333 0.047222223
2 0.41510418 0.66944444 0.0125 0.016666668
4 0.44114584 0.6634259 0.008333334 0.017592592
2 0.4518229 0.6652778 0.011979166 0.019444445
2 0.45807293 0.66851854 0.0078125 0.014814815
2 0.465625 0.6657407 0.010416667 0.014814815
2 0.4765625 0.66712964 0.011458334 0.015740741
1 0.5359375 0.6634259 0.008333334 0.026851851
2 0.57421875 0.6662037 0.055729166 0.041666668
1 0.68854165 0.6958333 0.03125 0.106481485
2 0.6773437 0.65787035 0.0578125 0.04537037
1 0.8950521 0.7476852 0.12864584 0.30833334
2 0.76770836 0.65787035 0.096875 0.07685185
2 0.8072917 0.65833336 0.08958333 0.075925924
2 0.8541667 0.65185183 0.075 0.098148145
2 0.9450521 0.6449074 0.10989583 0.14166667
