2 0.11770833 0.79305553 0.13229166 0.14537036
2 0.029166667 0.75324076 0.055208333 0.050925925
2 0.01484375 0.74722224 0.0296875 0.046296295
2 0.17916666 0.7601852 0.022916667 0.035185184
2 0.19869791 0.76111114 0.018229166 0.025925925
2 0.21979167 0.76203704 0.015625 0.022222223
3 0.3140625 0.7175926 0.165625 0.38333333
2 0.39921874 0.7962963 0.033854168 0.05740741
1 0.43151042 0.787963 0.0078125 0.035185184
1 0.453125 0.79444444 0.011458334 0.03888889
1 0.46796876 0.7953704 0.009895833 0.03888889
1 0.4778646 0.7962963 0.0078125 0.044444446
1 0.49010417 0.80138886 0.013541667 0.04537037
1 0.5627604 0.8138889 0.018229166 0.06851852
1 0.5882813 0.80694443 0.013020833 0.049074072
1 0.6544271 0.8162037 0.033854168 0.0712963
1 0.7213542 0.83842593 0.046875 0.17685185
1 0.82682294 0.82916665 0.0390625 0.0787037
1 0.93958336 0.83148146 0.044791665 0.085185185
