0 0.9158854 0.70416665 0.1484375 0.59166664
0 0.9039062 0.6240741 0.0328125 0.21111111
0 0.8598958 0.6337963 0.04375 0.20277777
0 0.7359375 0.65 0.059375 0.29814816
0 0.69947916 0.6175926 0.035416666 0.18703704
0 0.6645833 0.6388889 0.039583333 0.24074075
0 0.62369794 0.62175924 0.027604166 0.13055556
0 0.6020833 0.63703704 0.014583333 0.085185185
0 0.58802086 0.6365741 0.03125 0.16388889
0 0.55260414 0.6324074 0.023958333 0.1388889
0 0.54895836 0.63148147 0.019791666 0.11851852
0 0.5101563 0.62546295 0.015104166 0.073148146
0 0.50364584 0.62685186 0.016666668 0.062962964
2 0.47473958 0.63796294 0.044270832 0.075925924
2 0.45390624 0.6398148 0.075520836 0.11666667
0 0.4143229 0.62453705 0.011979166 0.0787037
0 0.3903646 0.6212963 0.013020833 0.05925926
2 0.39375 0.6171296 0.0072916667 0.013888889
2 0.35859376 0.6240741 0.0234375 0.031481482
0 0.36536458 0.6199074 0.0078125 0.047222223
2 0.34088543 0.6240741 0.015104166 0.025925925
2 0.33020833 0.62314814 0.021875 0.02962963
0 0.3059896 0.6157407 0.019270834 0.025925925
0 0.28828126 0.6236111 0.015104166 0.09907407
0 0.21770833 0.6203704 0.014583333 0.08148148
0 0.032552082 0.62453705 0.0203125 0.09166667
0 0.16744791 0.62824076 0.011979166 0.05648148
