2 0.6309896 0.67083335 0.106770836 0.1287037
2 0.528125 0.6375 0.039583333 0.05462963
2 0.47369793 0.63611114 0.0390625 0.06111111
2 0.20885417 0.6351852 0.084375 0.09074074
2 0.2575521 0.6486111 0.111979164 0.1287037
4 0.29765624 0.5962963 0.096354164 0.12592593
3 0.36197916 0.6148148 0.067708336 0.11666667
2 0.39375 0.625 0.029166667 0.05740741
2 0.4046875 0.6240741 0.019791666 0.042592593
2 0.41302082 0.6240741 0.021875 0.04074074
2 0.4205729 0.6171296 0.0140625 0.026851851
2 0.4296875 0.6148148 0.010416667 0.018518519
