2 0.13020833 0.6337963 0.039583333 0.028703704
2 0.16458334 0.6287037 0.046875 0.02962963
3 0.2359375 0.61296296 0.0375 0.02962963
2 0.30625 0.64305556 0.046875 0.05462963
4 0.3440104 0.61203706 0.07239583 0.09259259
0 0.37916666 0.6342593 0.021875 0.072222225
2 0.37916666 0.6375 0.042708334 0.05277778
2 0.39765626 0.6273148 0.0390625 0.05648148
2 0.42291668 0.6259259 0.027083334 0.035185184
2 0.43541667 0.6189815 0.021875 0.037962962
0 0.45130208 0.6296296 0.021354167 0.075925924
2 0.45703125 0.6171296 0.015104166 0.021296296
2 0.49713543 0.6111111 0.015104166 0.02037037
2 0.53203124 0.61064816 0.013020833 0.013888889
0 0.5911458 0.6287037 0.011458334 0.07037037
1 0.8299479 0.6199074 0.0328125 0.09351852
