1 0.043489583 0.625 0.06302083 0.11296296
0 0.22942708 0.62175924 0.011979166 0.05462963
0 0.27161458 0.62222224 0.009895833 0.046296295
1 0.31744793 0.6300926 0.011979166 0.041666668
4 0.41197917 0.61527777 0.023958333 0.050925925
2 0.43255207 0.6449074 0.0390625 0.06388889
2 0.45026043 0.6296296 0.013020833 0.025925925
2 0.4606771 0.6333333 0.0078125 0.02962963
2 0.48255208 0.6351852 0.027604166 0.046296295
0 0.5002604 0.63703704 0.0067708334 0.04074074
1 0.6231771 0.662037 0.021354167 0.098148145
