1 0.038802084 0.65694445 0.07760417 0.13425925
1 0.10963542 0.65 0.106770836 0.16666667
2 0.26666668 0.6412037 0.08020833 0.075
2 0.32135418 0.6351852 0.053125 0.05925926
2 0.35234374 0.63055557 0.038020834 0.05
2 0.38541666 0.62175924 0.030208332 0.05277778
2 0.39921874 0.62546295 0.027604166 0.041666668
2 0.41692707 0.6171296 0.0265625 0.04537037
2 0.49427083 0.6157407 0.014583333 0.031481482
1 0.5885417 0.63703704 0.011458334 0.042592593
0 0.93359375 0.65185183 0.016145833 0.083333336
2 0.9408854 0.65787035 0.118229166 0.07685185
2 0.5140625 0.61527777 0.008333334 0.012037037
2 0.24895833 0.63796294 0.051041666 0.06111111
