2 0.25546876 0.6310185 0.027604166 0.025
2 0.36432293 0.63472223 0.071354166 0.04537037
2 0.41223958 0.6342593 0.021354167 0.027777778
2 0.44348958 0.6319444 0.0203125 0.028703704
1 0.49427083 0.6337963 0.021875 0.032407407
4 0.440625 0.6162037 0.027083334 0.04537037
2 0.46510416 0.62314814 0.017708333 0.025925925
2 0.5044271 0.6300926 0.0203125 0.030555556
1 0.6635417 0.62824076 0.017708333 0.06388889
1 0.72083336 0.63842595 0.030208332 0.10092592
2 0.87890625 0.6175926 0.08177083 0.06111111
2 0.94166666 0.6412037 0.114583336 0.106481485
2 0.49010417 0.6273148 0.014583333 0.026851851
2 0.47734374 0.6212963 0.0109375 0.014814815
0 0.5757812 0.6273148 0.0067708334 0.041666668
3 0.19791667 0.6319444 0.028125 0.028703704
