2 0.8197917 0.68101853 0.359375 0.5935185
1 0.2984375 0.63842595 0.008333334 0.036111113
0 0.2765625 0.63055557 0.00625 0.02962963
1 0.2328125 0.64305556 0.014583333 0.049074072
1 0.14895834 0.650463 0.020833334 0.05277778
2 0.34010416 0.64398146 0.060416665 0.06759259
2 0.5307292 0.6236111 0.0125 0.021296296
2 0.50572914 0.6240741 0.0125 0.02037037
2 0.4674479 0.6263889 0.011979166 0.015740741
2 0.4544271 0.62685186 0.011979166 0.02037037
2 0.4065104 0.6296296 0.021354167 0.027777778
2 0.6382812 0.6662037 0.06302083 0.125
