2 0.109375 0.79305553 0.21875 0.32314816
2 0.21875 0.7027778 0.04375 0.037037037
3 0.3424479 0.7185185 0.053645834 0.087037034
3 0.4309896 0.6861111 0.1015625 0.10185185
2 0.434375 0.7810185 0.15 0.21574074
2 0.609375 0.7453704 0.0625 0.09074074
2 0.6734375 0.76203704 0.110416666 0.10925926
1 0.7484375 0.75185186 0.022916667 0.075925924
1 0.77552086 0.75185186 0.021875 0.074074075
1 0.7984375 0.7513889 0.019791666 0.0787037
2 0.746875 0.7268519 0.046875 0.037037037
3 0.9458333 0.7268519 0.08958333 0.062962964
2 0.87630206 0.7282407 0.033854168 0.023148147
