0 0.011458334 0.6634259 0.008333334 0.041666668
1 0.2140625 0.6675926 0.016666668 0.037037037
0 0.23046875 0.6638889 0.008854167 0.046296295
1 0.23984376 0.6643519 0.027604166 0.049074072
0 0.31328124 0.6662037 0.0140625 0.041666668
2 0.3440104 0.6666667 0.025520833 0.037037037
2 0.35625 0.65787035 0.033333335 0.05277778
3 0.37994793 0.6486111 0.0390625 0.06944445
2 0.48619792 0.66805553 0.021354167 0.03425926
2 0.47578126 0.6634259 0.013020833 0.025
2 0.4934896 0.66712964 0.0140625 0.023148147
4 0.71953124 0.6375 0.37864584 0.20648149
2 0.8716146 0.6782407 0.09010417 0.0787037
