2 0.15104167 0.72407407 0.30104166 0.3
4 0.30104166 0.6287037 0.053125 0.107407406
2 0.353125 0.65 0.077083334 0.14074074
2 0.4049479 0.6486111 0.0328125 0.058333334
4 0.4140625 0.6199074 0.047916666 0.08796296
2 0.4544271 0.6587963 0.09010417 0.062037036
2 0.50416666 0.65231484 0.015625 0.023148147
1 0.52265626 0.649537 0.0078125 0.028703704
1 0.5315104 0.65185183 0.0078125 0.02962963
1 0.54270834 0.65462965 0.009375 0.035185184
1 0.5627604 0.6564815 0.0109375 0.042592593
1 0.64635414 0.662963 0.011458334 0.05925926
2 0.95182294 0.6722222 0.09427083 0.06111111
