0 0.7375 0.59444445 0.015625 0.072222225
0 0.6890625 0.6 0.011458334 0.05
2 0.62083334 0.6296296 0.090625 0.12962963
1 0.54895836 0.61435187 0.01875 0.09351852
1 0.5364583 0.6125 0.0125 0.05462963
1 0.51484376 0.62453705 0.019270834 0.0787037
1 0.5005208 0.60925925 0.010416667 0.042592593
2 0.44739583 0.62546295 0.060416665 0.09166667
3 0.39348957 0.5800926 0.050520834 0.11574074
2 0.38489583 0.6199074 0.048958335 0.06574074
2 0.35651043 0.6157407 0.025520833 0.042592593
2 0.3059896 0.6287037 0.0765625 0.09259259
2 0.17421874 0.6643519 0.20989583 0.20648149
