2 0.22317709 0.68564814 0.1171875 0.13796297
2 0.315625 0.67638886 0.06875 0.07685185
1 0.39479166 0.6657407 0.015625 0.053703703
2 0.38854167 0.6587963 0.034375 0.049074072
2 0.4109375 0.65925926 0.01875 0.02962963
1 0.43177083 0.6611111 0.010416667 0.035185184
1 0.49713543 0.6574074 0.009895833 0.03888889
0 0.9135417 0.6824074 0.035416666 0.23888889
0 0.7481771 0.6689815 0.025520833 0.10277778
0 0.5294271 0.64768517 0.0067708334 0.030555556
0 0.51692706 0.6486111 0.005729167 0.030555556
0 0.5216146 0.6537037 0.0046875 0.031481482
2 0.48697916 0.65185183 0.0125 0.018518519
1 0.4518229 0.65416664 0.005729167 0.021296296
2 0.4221354 0.65555555 0.015104166 0.025925925
