2 0.0484375 0.7277778 0.096875 0.17962962
2 0.14739583 0.6560185 0.13333334 0.1675926
2 0.2359375 0.66018516 0.063541666 0.07962963
2 0.26927084 0.6171296 0.063541666 0.106481485
2 0.32213542 0.60694444 0.040104166 0.06574074
2 0.34583333 0.60231483 0.011458334 0.019444445
2 0.3234375 0.66851854 0.078125 0.096296296
2 0.3747396 0.599537 0.030729167 0.021296296
2 0.37864584 0.62546295 0.036458332 0.05277778
2 0.40442708 0.6027778 0.0171875 0.025925925
2 0.41510418 0.59675926 0.011458334 0.019444445
2 0.42890626 0.6101852 0.021354167 0.02962963
2 0.43567708 0.6027778 0.0171875 0.025925925
