2 0.19713542 0.6634259 0.18802084 0.20462963
2 0.34296876 0.62175924 0.0765625 0.119444445
2 0.38489583 0.6097222 0.042708334 0.073148146
2 0.44114584 0.63842595 0.11875 0.19537038
3 0.44348958 0.55277777 0.07447917 0.16666667
1 0.6091146 0.62453705 0.0140625 0.05462963
1 0.5677083 0.61944443 0.010416667 0.03888889
1 0.6763021 0.63055557 0.016145833 0.07037037
2 0.6567708 0.6203704 0.047916666 0.046296295
2 0.7 0.61851853 0.051041666 0.048148148
1 0.72447914 0.63564813 0.020833334 0.08611111
2 0.8377604 0.63611114 0.111979164 0.087037034
1 0.82161456 0.65324074 0.0328125 0.117592596
2 0.8958333 0.63935184 0.11770833 0.108333334
2 0.93958336 0.6412037 0.119791664 0.12314815
2 0.97239584 0.6425926 0.054166667 0.15925926
