2 0.028385418 0.65787035 0.056770835 0.062037036
2 0.09296875 0.67083335 0.07760417 0.047222223
0 0.20208333 0.67777777 0.011458334 0.05
2 0.27916667 0.68564814 0.06979167 0.050925925
1 0.3440104 0.68935186 0.025520833 0.049074072
2 0.35833332 0.69027776 0.026041666 0.047222223
4 0.38880208 0.6805556 0.0359375 0.062962964
0 0.38880208 0.69027776 0.0109375 0.062037036
2 0.42395833 0.69722223 0.028125 0.037037037
2 0.43489584 0.6935185 0.019791666 0.03888889
2 0.44375 0.6935185 0.015625 0.02962963
4 0.465625 0.6921296 0.0125 0.023148147
4 0.45 0.68703705 0.015625 0.037037037
2 0.5075521 0.6953704 0.013020833 0.018518519
2 0.49791667 0.6912037 0.0125 0.017592592
1 0.584375 0.7027778 0.03125 0.05740741
0 0.97734374 0.724537 0.013020833 0.05462963
