2 0.425 0.62453705 0.015625 0.025
2 0.4109375 0.6333333 0.020833334 0.031481482
2 0.48255208 0.6611111 0.0453125 0.06481481
2 0.5216146 0.63148147 0.0203125 0.02962963
2 0.5395833 0.64305556 0.03125 0.047222223
2 0.55833334 0.6597222 0.04375 0.062037036
2 0.64192706 0.69722223 0.11510417 0.14629629
2 0.80338544 0.6166667 0.0515625 0.025925925
2 0.7864583 0.6148148 0.041666668 0.027777778
2 0.44270834 0.6199074 0.013541667 0.019444445
2 0.48177084 0.6189815 0.011458334 0.017592592
3 0.4875 0.6050926 0.015625 0.041666668
2 0.8385417 0.6134259 0.030208332 0.028703704
2 0.5083333 0.6162037 0.008333334 0.013888889
