1 0.140625 0.67685187 0.0125 0.044444446
2 0.19765624 0.6865741 0.0890625 0.12314815
1 0.24921875 0.6837963 0.0109375 0.032407407
2 0.278125 0.6796296 0.032291666 0.044444446
2 0.30546874 0.68101853 0.0234375 0.03425926
2 0.33098957 0.67685187 0.0296875 0.048148148
2 0.346875 0.67685187 0.021875 0.044444446
2 0.378125 0.6814815 0.021875 0.037037037
2 0.37083334 0.68194443 0.027083334 0.043518517
3 0.41770834 0.6759259 0.026041666 0.05925926
2 0.4309896 0.6837963 0.009895833 0.015740741
2 0.40338543 0.6875 0.0328125 0.04537037
2 0.45416668 0.6898148 0.025 0.04074074
1 0.47473958 0.6875 0.005729167 0.023148147
1 0.5054687 0.69861114 0.0078125 0.032407407
1 0.53541666 0.69722223 0.01875 0.033333335
1 0.5942708 0.69814813 0.026041666 0.08888889
