2 0.96875 0.74722224 0.0625 0.07777778
2 0.93046874 0.72175926 0.12552084 0.09351852
0 0.7794271 0.71435183 0.024479168 0.14166667
1 0.6903646 0.69861114 0.011979166 0.049074072
4 0.6421875 0.6666667 0.08020833 0.1425926
2 0.5984375 0.6703704 0.0125 0.018518519
3 0.57682294 0.6662037 0.027604166 0.050925925
2 0.5528646 0.67175925 0.025520833 0.04537037
2 0.5289062 0.6861111 0.022395832 0.027777778
2 0.5109375 0.6861111 0.029166667 0.031481482
2 0.48515624 0.6824074 0.031770833 0.042592593
2 0.46979168 0.6851852 0.0375 0.042592593
3 0.40807292 0.64444447 0.1015625 0.14074074
3 0.34947917 0.67453706 0.08229167 0.10277778
3 0.21145834 0.6171296 0.24375 0.28611112
2 0.06588542 0.6935185 0.122395836 0.1037037
2 0.041927084 0.7050926 0.08385417 0.16018519
