2 0.122395836 0.7097222 0.24479167 0.34537038
2 0.18828125 0.6328704 0.0984375 0.13611111
2 0.25078124 0.6199074 0.0828125 0.119444445
2 0.3044271 0.6199074 0.061979167 0.08796296
2 0.37135416 0.62083334 0.035416666 0.043518517
1 0.63411456 0.6791667 0.049479168 0.17314816
1 0.5158854 0.62916666 0.011979166 0.05277778
2 0.4109375 0.6175926 0.013541667 0.016666668
2 0.42447916 0.6199074 0.011458334 0.013888889
2 0.44114584 0.6240741 0.010416667 0.014814815
0 0.50364584 0.6162037 0.008333334 0.025
