2 0.40833333 0.7550926 0.26875 0.2898148
2 0.50625 0.6925926 0.055208333 0.10555556
2 0.56458336 0.68935186 0.057291668 0.09166667
2 0.58463544 0.66944444 0.0546875 0.033333335
1 0.6453125 0.7074074 0.041666668 0.14814815
1 0.6869792 0.6953704 0.035416666 0.1574074
2 0.68958336 0.6625 0.057291668 0.047222223
0 0.7546875 0.6657407 0.015625 0.075925924
2 0.053125 0.7736111 0.10625 0.35092592
2 0.057552084 0.6851852 0.1046875 0.14444445
2 0.09609375 0.69074076 0.100520834 0.107407406
2 0.11875 0.6976852 0.10729167 0.09351852
2 0.22005208 0.6851852 0.11510417 0.085185185
2 0.25260416 0.6861111 0.104166664 0.083333336
2 0.29505208 0.67638886 0.065104164 0.05648148
