2 0.036979165 0.72962964 0.07395833 0.3462963
1 0.060416665 0.6226852 0.042708334 0.0712963
0 0.11015625 0.62824076 0.0328125 0.10092592
1 0.13567708 0.6310185 0.0203125 0.09351852
1 0.15703125 0.650463 0.043229166 0.14537036
1 0.18072917 0.6259259 0.044791665 0.083333336
1 0.21484375 0.6064815 0.0203125 0.048148148
1 0.225 0.61296296 0.014583333 0.055555556
1 0.2815104 0.6300926 0.021354167 0.08796296
2 0.3518229 0.6199074 0.041145835 0.062037036
1 0.31822917 0.6134259 0.008333334 0.03425926
2 0.43463543 0.6458333 0.096354164 0.15648147
1 0.578125 0.62685186 0.025 0.094444446
1 0.6507813 0.62916666 0.022395832 0.075
1 0.5934896 0.61203706 0.018229166 0.05740741
2 0.7346354 0.61157405 0.0796875 0.049074072
3 0.8153646 0.60462964 0.09010417 0.05925926
1 0.196875 0.6171296 0.014583333 0.05648148
