2 0.12890625 0.63703704 0.043229166 0.02962963
2 0.16354166 0.63148147 0.053125 0.031481482
3 0.23463541 0.6157407 0.036979165 0.02962963
0 0.26380208 0.6425926 0.009895833 0.072222225
2 0.30651042 0.64537036 0.047395833 0.053703703
0 0.33697918 0.63564813 0.015625 0.07685185
4 0.34114584 0.6134259 0.07395833 0.09537037
2 0.3796875 0.63842595 0.041666668 0.05277778
2 0.39947918 0.62824076 0.036458332 0.05462963
2 0.41744792 0.63148147 0.025520833 0.037037037
2 0.4299479 0.6212963 0.0234375 0.042592593
2 0.46796876 0.6148148 0.0140625 0.027777778
0 0.4953125 0.6328704 0.0125 0.06944445
3 0.525 0.6064815 0.020833334 0.027777778
1 0.5809896 0.63796294 0.06614583 0.13148148
2 0.6898438 0.63611114 0.1765625 0.1037037
2 0.440625 0.6240741 0.019791666 0.027777778
2 0.48958334 0.6157407 0.015625 0.016666668
3 0.108333334 0.6328704 0.046875 0.036111113
