0 0.079427086 0.68703705 0.0328125 0.19074073
2 0.16927083 0.6949074 0.114583336 0.11388889
2 0.31458333 0.72962964 0.29583332 0.37592593
2 0.4372396 0.6597222 0.0453125 0.062037036
0 0.46588543 0.6638889 0.0078125 0.04074074
3 0.5140625 0.65185183 0.035416666 0.044444446
3 0.5502604 0.67314816 0.0578125 0.08888889
2 0.56901044 0.6657407 0.031770833 0.06111111
3 0.5885417 0.65324074 0.011458334 0.030555556
0 0.5307292 0.69027776 0.033333335 0.13425925
0 0.5960938 0.66064817 0.008854167 0.043518517
0 0.6039063 0.65833336 0.0109375 0.03888889
1 0.6458333 0.67638886 0.019791666 0.08425926
1 0.66536456 0.67083335 0.018229166 0.08981481
0 0.71875 0.6550926 0.009375 0.060185187
0 0.7309896 0.6527778 0.008854167 0.062962964
0 0.7830729 0.6587963 0.0171875 0.09537037
