0 0.953125 0.62314814 0.036458332 0.19444445
0 0.9158854 0.6703704 0.038020834 0.20185184
0 0.8705729 0.65231484 0.052604165 0.22314815
0 0.79270834 0.7037037 0.046875 0.22222222
0 0.78203124 0.6319444 0.030729167 0.119444445
0 0.71484375 0.6550926 0.028645834 0.13055556
0 0.6903646 0.65231484 0.019270834 0.13055556
1 0.59791666 0.6935185 0.059375 0.23518519
1 0.54557294 0.67083335 0.0359375 0.1675926
1 0.5328125 0.650463 0.030208332 0.12685186
1 0.4908854 0.6263889 0.013020833 0.047222223
2 0.46197918 0.6287037 0.036458332 0.05185185
0 0.23671874 0.6157407 0.015104166 0.08148148
2 0.22578125 0.62083334 0.1015625 0.08240741
