2 0.029427083 0.6300926 0.058854166 0.097222224
1 0.06953125 0.63564813 0.024479168 0.062037036
3 0.2578125 0.54305553 0.325 0.44537038
2 0.48541668 0.6425926 0.08020833 0.05925926
1 0.5372396 0.65231484 0.022395832 0.028703704
4 0.6703125 0.6157407 0.2 0.10555556
0 0.8776042 0.6435185 0.011458334 0.05185185
2 0.87578124 0.64768517 0.058854166 0.037962962
2 0.92057294 0.6388889 0.07447917 0.055555556
5 0.9505208 0.66944444 0.098958336 0.17592593
1 0.9809896 0.6791667 0.038020834 0.15833333
0 0.8700521 0.64305556 0.008854167 0.05277778
