2 0.11119792 0.71574074 0.2203125 0.33333334
2 0.42447916 0.62453705 0.032291666 0.049074072
2 0.4046875 0.6212963 0.027083334 0.024074074
2 0.43828124 0.6259259 0.019270834 0.02962963
2 0.45390624 0.6212963 0.011979166 0.02037037
2 0.47994792 0.63564813 0.041145835 0.060185187
1 0.5052083 0.6273148 0.008333334 0.026851851
1 0.5359375 0.6388889 0.0125 0.055555556
1 0.5502604 0.63472223 0.009895833 0.047222223
2 0.5619792 0.6226852 0.0375 0.032407407
1 0.6015625 0.62916666 0.0125 0.03425926
2 0.65833336 0.63148147 0.072916664 0.048148148
