2 0.14713542 0.6597222 0.14114584 0.16203703
2 0.25598958 0.68101853 0.14635417 0.17314816
2 0.32317707 0.6689815 0.07447917 0.10462963
3 0.31197917 0.6166667 0.06458333 0.12222222
2 0.35260418 0.6467593 0.058333334 0.08981481
2 0.44609374 0.6962963 0.17135416 0.27037036
0 0.55052084 0.65555555 0.019791666 0.107407406
1 0.53125 0.6699074 0.022916667 0.10277778
1 0.5960938 0.69398147 0.044270832 0.18796296
1 0.65416664 0.6837963 0.078125 0.13425925
1 0.6984375 0.70555556 0.104166664 0.16666667
1 0.7846354 0.77824074 0.12864584 0.44351852
1 0.9184896 0.7578704 0.1609375 0.34351853
0 0.95390624 0.7486111 0.091145836 0.27314815
