1 0.033333335 0.65185183 0.028125 0.07962963
0 0.26041666 0.63472223 0.0072916667 0.041666668
2 0.41119793 0.6342593 0.0390625 0.06851852
2 0.44713542 0.6337963 0.018229166 0.023148147
3 0.46302083 0.6287037 0.017708333 0.025925925
2 0.4796875 0.6328704 0.011458334 0.019444445
2 0.49739584 0.64305556 0.039583333 0.05462963
3 0.52473956 0.62546295 0.025520833 0.043518517
2 0.5286458 0.6402778 0.032291666 0.041666668
1 0.5765625 0.6425926 0.0072916667 0.024074074
1 0.5971354 0.6472222 0.008854167 0.037037037
3 0.6518229 0.6287037 0.059895832 0.06666667
1 0.7888021 0.68703705 0.0328125 0.10185185
1 0.74635416 0.6689815 0.016666668 0.075
