2 0.09348958 0.787037 0.18697916 0.2851852
2 0.13489583 0.66805553 0.109375 0.1287037
2 0.24296875 0.6324074 0.071354166 0.075925924
2 0.32213542 0.6449074 0.07864583 0.09537037
3 0.47864583 0.5717593 0.0375 0.08240741
3 0.5111979 0.5685185 0.028645834 0.06481481
2 0.54036456 0.6101852 0.053645834 0.07777778
2 0.5833333 0.5972222 0.030208332 0.046296295
1 0.8697917 0.6180556 0.028125 0.09351852
1 0.83203125 0.6111111 0.0234375 0.07777778
2 0.71458334 0.7083333 0.171875 0.17222223
4 0.7140625 0.5648148 0.16666667 0.23888889
1 0.99010414 0.63148147 0.019791666 0.107407406
