2 0.28046876 0.65092593 0.0390625 0.046296295
2 0.30286458 0.64537036 0.033854168 0.046296295
2 0.3361979 0.65231484 0.036979165 0.047222223
2 0.35729167 0.6458333 0.025 0.041666668
2 0.384375 0.65185183 0.033333335 0.044444446
1 0.40520832 0.6486111 0.011458334 0.04537037
2 0.41328126 0.6402778 0.025520833 0.039814815
3 0.41979167 0.6236111 0.025 0.04537037
2 0.47578126 0.63148147 0.009895833 0.0129629625
2 0.49583334 0.6449074 0.016666668 0.028703704
4 0.5101563 0.6300926 0.015104166 0.028703704
2 0.5502604 0.6467593 0.0234375 0.032407407
2 0.62890625 0.6467593 0.028645834 0.025
1 0.66796875 0.67314816 0.018229166 0.062962964
1 0.70677084 0.68425924 0.053125 0.07777778
0 0.7888021 0.67314816 0.019270834 0.06851852
1 0.8015625 0.6921296 0.027083334 0.097222224
1 0.9669271 0.7236111 0.049479168 0.15092592
