2 0.34140626 0.64537036 0.071354166 0.048148148
0 0.44453126 0.64768517 0.009895833 0.032407407
4 0.45052084 0.6342593 0.011458334 0.025925925
2 0.465625 0.6472222 0.0125 0.018518519
2 0.50989586 0.67175925 0.07604167 0.13796297
0 0.59296876 0.6527778 0.0109375 0.06111111
2 0.59791666 0.649537 0.071875 0.039814815
0 0.64140624 0.6634259 0.018229166 0.08240741
0 0.66328126 0.66851854 0.013020833 0.072222225
0 0.6247396 0.65185183 0.0109375 0.05925926
1 0.7427083 0.76203704 0.14895834 0.47592592
0 0.6322917 0.64768517 0.009375 0.06388889
0 0.6875 0.6634259 0.013541667 0.08611111
2 0.88645834 0.7824074 0.22708334 0.3425926
