3 0.9888021 0.7449074 0.019270834 0.06574074
0 0.9653646 0.7449074 0.015104166 0.08611111
3 0.95703125 0.7087963 0.0859375 0.08240741
3 0.8833333 0.7287037 0.083333336 0.06111111
2 0.8809896 0.7185185 0.0578125 0.06666667
1 0.8716146 0.7509259 0.028645834 0.085185185
3 0.8539063 0.72037035 0.080729164 0.07037037
2 0.67317706 0.7291667 0.07239583 0.09166667
2 0.50625 0.8023148 0.35729167 0.39537036
2 0.36979166 0.6722222 0.023958333 0.03888889
4 0.38098958 0.6550926 0.030729167 0.05277778
4 0.30052084 0.64768517 0.109375 0.08611111
1 0.2265625 0.66481483 0.019791666 0.03888889
0 0.109375 0.65 0.011458334 0.05185185
1 0.086979166 0.6490741 0.014583333 0.046296295
