1 0.90625 0.71712965 0.07083333 0.19722222
2 0.7875 0.60462964 0.07083333 0.037037037
1 0.76953125 0.64305556 0.024479168 0.097222224
0 0.7729167 0.67083335 0.023958333 0.12685186
2 0.7518229 0.5962963 0.061979167 0.04074074
1 0.73802084 0.6550926 0.026041666 0.10277778
2 0.68359375 0.6958333 0.1203125 0.18611111
1 0.6424479 0.60462964 0.009895833 0.042592593
4 0.65234375 0.59074074 0.0390625 0.07037037
3 0.62630206 0.5939815 0.025520833 0.05462963
2 0.6070312 0.63796294 0.047395833 0.07037037
2 0.5877604 0.6037037 0.034895834 0.046296295
2 0.60729164 0.6032407 0.021875 0.028703704
2 0.5541667 0.60833335 0.029166667 0.03888889
2 0.5356771 0.6162037 0.0359375 0.047222223
2 0.5546875 0.6634259 0.08020833 0.106481485
2 0.50911456 0.63564813 0.0546875 0.06944445
2 0.48723957 0.61435187 0.0296875 0.04537037
2 0.46588543 0.6166667 0.033854168 0.048148148
2 0.44427082 0.6125 0.053125 0.0712963
2 0.40338543 0.6310185 0.069270834 0.08240741
3 0.38203126 0.5972222 0.0765625 0.12222222
2 0.3268229 0.6490741 0.09947917 0.10555556
2 0.29296875 0.65 0.0609375 0.072222225
2 0.2078125 0.6657407 0.09791667 0.08888889
2 0.09947917 0.69814813 0.19895834 0.17407407
2 0.17942709 0.82546294 0.35885417 0.34907407
