1 0.05234375 0.69074076 0.018229166 0.053703703
2 0.1 0.69166666 0.13541667 0.098148145
2 0.36354166 0.7162037 0.22291666 0.35462964
2 0.8442708 0.7476852 0.30833334 0.34166667
3 0.73229164 0.5717593 0.21145834 0.2898148
2 0.6359375 0.70787036 0.1375 0.15648147
2 0.56119794 0.67453706 0.06302083 0.09537037
2 0.5328125 0.6824074 0.027083334 0.03888889
2 0.52760416 0.67083335 0.023958333 0.037962962
2 0.5109375 0.67083335 0.021875 0.03425926
2 0.4997396 0.66851854 0.018229166 0.024074074
3 0.49296874 0.66064817 0.016145833 0.03425926
3 0.49010417 0.64398146 0.019791666 0.047222223
