0 0.1140625 0.6634259 0.013541667 0.06944445
0 0.17630209 0.6634259 0.0078125 0.036111113
0 0.14453125 0.65925926 0.009895833 0.05185185
0 0.23880209 0.66712964 0.0067708334 0.039814815
0 0.20494792 0.6736111 0.008854167 0.041666668
2 0.42109376 0.6782407 0.0171875 0.026851851
2 0.4372396 0.67314816 0.009895833 0.018518519
2 0.46197918 0.6773148 0.016666668 0.03425926
2 0.47291666 0.67777777 0.011458334 0.018518519
2 0.4921875 0.6805556 0.015625 0.025925925
2 0.5111979 0.6898148 0.028645834 0.04074074
3 0.5075521 0.67777777 0.024479168 0.05185185
2 0.5375 0.69814813 0.046875 0.06481481
2 0.45130208 0.67407405 0.009895833 0.014814815
