3 0.14947917 0.4912037 0.29895833 0.9824074
2 0.3125 0.6412037 0.09583333 0.13611111
2 0.3674479 0.63472223 0.0484375 0.08240741
2 0.4372396 0.66064817 0.10572917 0.175
1 0.49817708 0.6226852 0.0109375 0.050925925
1 0.5059896 0.6199074 0.011979166 0.041666668
1 0.5239583 0.6240741 0.011458334 0.06666667
1 0.5528646 0.62453705 0.013020833 0.075
1 0.621875 0.63611114 0.028125 0.12592593
1 0.5960938 0.6310185 0.0234375 0.08425926
1 0.5335938 0.6226852 0.011979166 0.047222223
0 0.6695312 0.6050926 0.011979166 0.06388889
0 0.7361979 0.6125 0.013020833 0.08240741
