2 0.13229166 0.62685186 0.063541666 0.042592593
0 0.30364582 0.6199074 0.011458334 0.036111113
2 0.44348958 0.6111111 0.0078125 0.016666668
2 0.44427082 0.61944443 0.010416667 0.014814815
1 0.4140625 0.65 0.035416666 0.12777779
2 0.47578126 0.61851853 0.0171875 0.027777778
2 0.48255208 0.6212963 0.021354167 0.027777778
2 0.5356771 0.63703704 0.0546875 0.07037037
2 0.58229166 0.65092593 0.083333336 0.11296296
2 0.6359375 0.6657407 0.12916666 0.1574074
2 0.92395836 0.7328704 0.15208334 0.45092592
