4 0.5473958 0.73194444 0.10208333 0.17685185
2 0.4765625 0.7550926 0.017708333 0.026851851
2 0.46875 0.74444443 0.011458334 0.02037037
2 0.45026043 0.7476852 0.0140625 0.025
2 0.4450521 0.7550926 0.018229166 0.026851851
2 0.4153646 0.74444443 0.0140625 0.022222223
3 0.41145834 0.73194444 0.019791666 0.039814815
2 0.3986979 0.75185186 0.019270834 0.035185184
2 0.38463542 0.7523148 0.0296875 0.047222223
2 0.3669271 0.7546296 0.034895834 0.05740741
2 0.3484375 0.7592593 0.038541667 0.062962964
4 0.259375 0.68425924 0.18645833 0.30185184
2 0.10338542 0.7537037 0.1328125 0.13333334
2 0.026041666 0.7583333 0.051041666 0.26666668
