2 0.9 0.6712963 0.114583336 0.09074074
2 0.98515624 0.6527778 0.028645834 0.072222225
1 0.7630208 0.67685187 0.026041666 0.087037034
2 0.640625 0.67407405 0.098958336 0.07037037
4 0.19088541 0.5800926 0.20677084 0.25833333
3 0.1015625 0.61944443 0.16354166 0.19259259
2 0.32239583 0.65462965 0.0375 0.042592593
2 0.37786457 0.6657407 0.0671875 0.098148145
2 0.4453125 0.6587963 0.039583333 0.05462963
2 0.47083333 0.65324074 0.017708333 0.023148147
3 0.5023438 0.64768517 0.027604166 0.047222223
4 0.5044271 0.63148147 0.0234375 0.05740741
2 0.5174479 0.65092593 0.0109375 0.016666668
