2 0.18828125 0.67453706 0.0921875 0.0712963
2 0.30234376 0.6861111 0.09010417 0.06481481
2 0.353125 0.69398147 0.027083334 0.037962962
4 0.40026042 0.6824074 0.0296875 0.05740741
2 0.43645832 0.6967593 0.09583333 0.06944445
2 0.3674479 0.6925926 0.027604166 0.044444446
2 0.6197917 0.71018517 0.0625 0.053703703
2 0.8101562 0.7199074 0.1015625 0.06944445
2 0.92552084 0.72314817 0.115625 0.07962963
2 0.98307294 0.73425925 0.033854168 0.05740741
0 0.7317708 0.7106481 0.0072916667 0.04537037
1 0.09817708 0.66805553 0.025520833 0.049074072
