0 0.9877604 0.70185184 0.0171875 0.08148148
0 0.96875 0.7 0.020833334 0.085185185
1 0.93177086 0.71018517 0.054166667 0.11666667
0 0.89140624 0.69814813 0.018229166 0.07962963
0 0.7671875 0.69398147 0.010416667 0.04537037
0 0.74583334 0.6949074 0.0072916667 0.041666668
0 0.6177083 0.6884259 0.008333334 0.041666668
2 0.5 0.71574074 0.104166664 0.15185185
2 0.40260416 0.6736111 0.021875 0.039814815
2 0.3908854 0.6736111 0.015104166 0.019444445
4 0.38645834 0.66481483 0.013541667 0.027777778
2 0.36302084 0.66712964 0.008333334 0.012037037
2 0.3518229 0.6703704 0.0140625 0.018518519
4 0.2981771 0.65787035 0.025520833 0.05277778
2 0.3216146 0.6787037 0.0390625 0.055555556
2 0.24817708 0.6773148 0.044270832 0.05462963
