0 0.026041666 0.65833336 0.028125 0.11111111
0 0.058072917 0.66018516 0.025520833 0.11111111
0 0.18854167 0.66481483 0.027083334 0.11851852
0 0.2809896 0.64166665 0.008854167 0.048148148
0 0.28984374 0.64166665 0.009895833 0.05
0 0.29869792 0.64166665 0.008854167 0.05
1 0.40729168 0.63703704 0.009375 0.035185184
1 0.44166666 0.6328704 0.008333334 0.026851851
2 0.48046875 0.63148147 0.0078125 0.011111111
2 0.51171875 0.63148147 0.015104166 0.022222223
1 0.54322916 0.63148147 0.0052083335 0.022222223
1 0.67395836 0.65462965 0.020833334 0.10185185
0 0.87916666 0.6342593 0.020833334 0.11111111
0 0.86067706 0.63564813 0.019270834 0.11388889
3 0.49739584 0.62685186 0.009375 0.018518519
