2 0.30859375 0.7777778 0.12447917 0.18888889
4 0.3359375 0.71342593 0.051041666 0.08425926
2 0.048177082 0.74675924 0.0953125 0.24166666
2 0.08567708 0.74027777 0.100520834 0.13240741
2 0.14192708 0.73425925 0.06302083 0.08888889
2 0.17916666 0.7277778 0.0375 0.05925926
2 0.2203125 0.72037035 0.019791666 0.031481482
2 0.203125 0.71574074 0.011458334 0.018518519
2 0.22994791 0.71944445 0.011979166 0.022222223
2 0.23619792 0.71666664 0.008854167 0.014814815
4 0.25390625 0.712963 0.013020833 0.02037037
