2 0.065625 0.6611111 0.13125 0.12222222
2 0.17786458 0.6638889 0.15989584 0.096296296
1 0.36432293 0.65925926 0.043229166 0.06481481
0 0.25286457 0.65092593 0.009895833 0.06111111
2 0.48854166 0.66481483 0.1875 0.14074074
0 0.49817708 0.70787036 0.0703125 0.23796296
2 0.62369794 0.6634259 0.0515625 0.050925925
0 0.6666667 0.7462963 0.057291668 0.33703703
1 0.80677086 0.67175925 0.022916667 0.0712963
0 0.8393229 0.66064817 0.011979166 0.060185187
2 0.9554688 0.675 0.0890625 0.13703704
0 0.73515624 0.6675926 0.019270834 0.05
0 0.89192706 0.67638886 0.015104166 0.049074072
