3 0.8049479 0.73657405 0.1296875 0.16574074
2 0.6216146 0.73935187 0.09010417 0.13240741
2 0.6640625 0.73194444 0.038541667 0.06759259
1 0.6851562 0.7212963 0.0109375 0.025925925
2 0.52708334 0.71574074 0.014583333 0.025925925
2 0.534375 0.71574074 0.010416667 0.018518519
2 0.49479166 0.712963 0.014583333 0.02962963
3 0.5101563 0.7050926 0.011979166 0.026851851
2 0.22890624 0.7282407 0.09010417 0.097222224
2 0.19661458 0.7199074 0.071354166 0.08611111
3 0.36901042 0.68796295 0.06302083 0.06851852
