2 0.5125 0.6689815 0.016666668 0.032407407
0 0.5864583 0.6652778 0.008333334 0.05277778
2 0.46979168 0.7111111 0.10625 0.1574074
2 0.42083332 0.66157407 0.019791666 0.028703704
2 0.40807292 0.66712964 0.015104166 0.026851851
2 0.3971354 0.67083335 0.022395832 0.026851851
3 0.3513021 0.6722222 0.036979165 0.05740741
2 0.3346354 0.67175925 0.033854168 0.06574074
2 0.30885416 0.67175925 0.042708334 0.08425926
0 0.33229166 0.6944444 0.021875 0.11851852
2 0.2721354 0.6787037 0.0734375 0.09259259
2 0.17838542 0.6925926 0.118229166 0.1388889
0 0.09166667 0.6666667 0.015625 0.098148145
1 0.065625 0.6666667 0.034375 0.087037034
