2 0.06640625 0.6472222 0.13177083 0.13333334
2 0.16354166 0.63564813 0.09375 0.10277778
2 0.34583333 0.6162037 0.033333335 0.047222223
2 0.36041668 0.60833335 0.03125 0.053703703
2 0.22447917 0.6097222 0.033333335 0.047222223
2 0.3815104 0.6097222 0.027604166 0.041666668
2 0.40911457 0.61157405 0.016145833 0.023148147
2 0.42083332 0.61064816 0.0125 0.019444445
0 0.44270834 0.6157407 0.00625 0.042592593
2 0.4533854 0.6064815 0.0078125 0.016666668
2 0.4640625 0.60925925 0.009375 0.014814815
3 0.6255208 0.6009259 0.0625 0.055555556
2 0.6890625 0.61064816 0.047916666 0.043518517
2 0.7807292 0.6171296 0.079166666 0.062037036
2 0.8044271 0.6111111 0.080729164 0.07777778
2 0.8179687 0.62222224 0.086979166 0.062962964
2 0.90755206 0.6180556 0.1109375 0.09537037
2 0.9450521 0.62453705 0.10989583 0.08796296
2 0.9731771 0.6148148 0.053645834 0.20555556
