2 0.23203126 0.64398146 0.075520836 0.043518517
1 0.309375 0.64166665 0.014583333 0.053703703
1 0.3375 0.6375 0.010416667 0.04537037
2 0.44140625 0.6236111 0.011979166 0.017592592
3 0.39166668 0.6074074 0.06875 0.11666667
2 0.48255208 0.6226852 0.016145833 0.028703704
2 0.5463542 0.6199074 0.011458334 0.021296296
2 0.596875 0.6328704 0.04375 0.06574074
2 0.88854164 0.6009259 0.040625 0.031481482
2 0.49817708 0.6199074 0.0078125 0.013888889
2 0.53828126 0.62083334 0.008854167 0.010185185
2 0.52552086 0.61851853 0.008333334 0.0129629625
