2 0.106770836 0.6425926 0.110416666 0.05185185
1 0.2546875 0.649537 0.014583333 0.03425926
1 0.35052082 0.6467593 0.00625 0.025
2 0.37421876 0.64305556 0.021354167 0.036111113
2 0.38776043 0.64537036 0.018229166 0.02962963
4 0.39375 0.6324074 0.035416666 0.05185185
2 0.41223958 0.6467593 0.019270834 0.028703704
2 0.4265625 0.6458333 0.013541667 0.017592592
3 0.44739583 0.6375 0.019791666 0.04537037
2 0.46875 0.6458333 0.009375 0.012037037
2 0.5520833 0.6527778 0.104166664 0.055555556
2 0.5963542 0.65231484 0.09375 0.06388889
3 0.76171875 0.64166665 0.1265625 0.085185185
1 0.9158854 0.6712963 0.025520833 0.07777778
1 0.8773438 0.65787035 0.0203125 0.062037036
2 0.8830729 0.6458333 0.11302083 0.08240741
