2 0.25 0.66018516 0.084375 0.087037034
2 0.425 0.6324074 0.0375 0.05925926
2 0.3953125 0.6342593 0.03125 0.044444446
2 0.45208332 0.62546295 0.013541667 0.019444445
2 0.49635416 0.6273148 0.026041666 0.039814815
2 0.5171875 0.6199074 0.009375 0.013888889
2 0.534375 0.6287037 0.01875 0.02962963
1 0.8080729 0.6324074 0.027604166 0.06666667
2 0.96875 0.64768517 0.0625 0.073148146
2 0.81380206 0.6328704 0.0953125 0.05648148
2 0.7596354 0.6296296 0.071354166 0.05
2 0.93828124 0.63796294 0.1140625 0.072222225
2 0.47135416 0.62222224 0.008333334 0.0129629625
2 0.4609375 0.6226852 0.011458334 0.019444445
