2 0.24947916 0.6337963 0.110416666 0.0787037
2 0.27734375 0.6236111 0.102604166 0.08796296
2 0.9002604 0.7046296 0.19947916 0.48518518
2 0.74921876 0.73564816 0.1890625 0.21388888
2 0.6484375 0.66157407 0.083333336 0.050925925
2 0.4578125 0.6458333 0.08541667 0.05462963
2 0.48333332 0.649537 0.065625 0.037962962
2 0.40911457 0.62916666 0.024479168 0.039814815
1 0.4455729 0.6328704 0.021354167 0.043518517
2 0.5494792 0.6462963 0.01875 0.022222223
1 0.59244794 0.65 0.019270834 0.037037037
1 0.6247396 0.64398146 0.016145833 0.036111113
4 0.4984375 0.63611114 0.021875 0.05185185
2 0.044270832 0.5875 0.088541664 0.18611111
