2 0.054166667 0.650463 0.10729167 0.22685185
2 0.15442708 0.6300926 0.12447917 0.14166667
2 0.2643229 0.662963 0.1453125 0.16666667
2 0.32526043 0.63148147 0.08177083 0.12407407
2 0.35729167 0.6157407 0.053125 0.094444446
4 0.38854167 0.59675926 0.048958335 0.10277778
4 0.44609374 0.6203704 0.0296875 0.05740741
1 0.48854166 0.6259259 0.021875 0.085185185
2 0.5033854 0.62824076 0.028645834 0.049074072
2 0.5598958 0.64074075 0.08020833 0.09074074
0 0.65416664 0.6166667 0.015625 0.07037037
1 0.68958336 0.63611114 0.020833334 0.09259259
1 0.9320313 0.6953704 0.09322917 0.2
