0 0.0703125 0.63148147 0.021875 0.07962963
1 0.15364583 0.69861114 0.041666668 0.14166667
2 0.29609376 0.649537 0.06302083 0.073148146
2 0.34921876 0.6296296 0.040104166 0.05
2 0.35338542 0.59583336 0.015104166 0.026851851
2 0.3859375 0.6425926 0.067708336 0.08888889
2 0.43072918 0.6097222 0.025 0.03425926
2 0.42890626 0.63703704 0.036979165 0.06111111
2 0.47161457 0.6212963 0.027604166 0.03888889
2 0.49739584 0.6134259 0.021875 0.043518517
0 0.49895832 0.62222224 0.011458334 0.048148148
2 0.8510417 0.65231484 0.16354166 0.11018518
2 0.8226563 0.6449074 0.1484375 0.10277778
2 0.7953125 0.6310185 0.128125 0.09907407
2 0.74427086 0.63611114 0.10625 0.07037037
2 0.71953124 0.6263889 0.09010417 0.05648148
