2 0.82942706 0.66712964 0.1796875 0.11574074
2 0.76145834 0.66064817 0.114583336 0.0712963
2 0.5625 0.65833336 0.13645834 0.07962963
2 0.49010417 0.6462963 0.0125 0.02037037
2 0.46953124 0.6472222 0.0140625 0.02037037
2 0.44791666 0.64768517 0.029166667 0.043518517
2 0.4059896 0.650463 0.0984375 0.073148146
2 0.35364583 0.6421296 0.03125 0.043518517
2 0.30572918 0.6564815 0.15833333 0.08888889
1 0.20859376 0.6550926 0.019270834 0.047222223
1 0.07734375 0.650463 0.030729167 0.05277778
0 0.058854166 0.65324074 0.0125 0.058333334
1 0.028645834 0.6560185 0.0375 0.05648148
0 0.056510415 0.6472222 0.0109375 0.055555556
