0 0.92265624 0.66805553 0.0234375 0.12685186
0 0.9059896 0.65787035 0.0140625 0.10277778
0 0.89270836 0.6587963 0.0125 0.09166667
1 0.790625 0.69305557 0.04375 0.175
0 0.76927084 0.6351852 0.014583333 0.06666667
0 0.75572914 0.6490741 0.019791666 0.1
0 0.7028646 0.6527778 0.009895833 0.07037037
1 0.67317706 0.6935185 0.050520834 0.17777778
1 0.6226562 0.662037 0.019270834 0.09259259
1 0.58984375 0.65555555 0.015104166 0.06666667
0 0.6375 0.64074075 0.010416667 0.05740741
2 0.5367187 0.6689815 0.069270834 0.09537037
4 0.41770834 0.60925925 0.094791666 0.18148148
4 0.07265625 0.56296295 0.14427084 0.65185183
2 0.19817708 0.6611111 0.09739583 0.09074074
0 0.25078124 0.63842595 0.0109375 0.05277778
2 0.2971354 0.662037 0.08177083 0.098148145
2 0.33984375 0.6490741 0.0484375 0.06666667
4 0.32395834 0.62777776 0.054166667 0.09074074
2 0.49401042 0.6388889 0.028645834 0.044444446
