2 0.93828124 0.6296296 0.12135417 0.085185185
2 0.90833336 0.6300926 0.104166664 0.08055556
2 0.86796874 0.6226852 0.09739583 0.06944445
2 0.80885416 0.6157407 0.077083334 0.06481481
2 0.78125 0.61527777 0.077083334 0.060185187
2 0.728125 0.6097222 0.07395833 0.060185187
4 0.49739584 0.59768516 0.033333335 0.073148146
2 0.4778646 0.6111111 0.011979166 0.018518519
2 0.45833334 0.61203706 0.013541667 0.018518519
4 0.39348957 0.6027778 0.0203125 0.04074074
4 0.40546876 0.60231483 0.025520833 0.032407407
