0 0.017708333 0.6259259 0.008333334 0.03888889
0 0.18854167 0.6328704 0.00625 0.036111113
0 0.25078124 0.6310185 0.0067708334 0.036111113
3 0.42526042 0.6037037 0.036979165 0.08148148
2 0.46510416 0.6212963 0.013541667 0.018518519
0 0.66536456 0.6560185 0.0265625 0.119444445
2 0.72291666 0.63564813 0.061458334 0.0712963
2 0.88489586 0.6527778 0.13958333 0.09259259
1 0.5408854 0.6398148 0.018229166 0.05740741
2 0.4841146 0.6171296 0.008854167 0.012037037
0 0.6466146 0.63055557 0.013020833 0.055555556
