2 0.04765625 0.7138889 0.0953125 0.12592593
1 0.12317708 0.6912037 0.024479168 0.041666668
2 0.171875 0.6865741 0.05 0.05277778
3 0.20833333 0.6824074 0.030208332 0.055555556
3 0.29583332 0.5902778 0.20729166 0.41944444
2 0.5054687 0.73425925 0.4109375 0.5314815
1 0.6872396 0.7212963 0.044270832 0.21296297
1 0.7033854 0.7263889 0.040104166 0.17685185
0 0.7583333 0.66944444 0.016666668 0.06481481
1 0.7856771 0.7291667 0.0640625 0.18611111
0 0.8208333 0.6634259 0.016666668 0.0712963
0 0.8309896 0.662963 0.015104166 0.07777778
1 0.8403646 0.725463 0.0578125 0.1712963
1 0.8752604 0.73935187 0.0671875 0.21388888
1 0.8856771 0.6787037 0.027604166 0.085185185
0 0.9039062 0.67453706 0.0234375 0.08796296
0 0.91770834 0.67453706 0.014583333 0.07685185
0 0.9453125 0.6652778 0.01875 0.0712963
0 0.92838544 0.67175925 0.011979166 0.073148146
0 0.9765625 0.67453706 0.01875 0.09351852
0 0.9924479 0.68333334 0.0140625 0.107407406
4 0.9434896 0.6375 0.1109375 0.14537036
