0 0.9080729 0.6467593 0.016145833 0.073148146
2 0.7856771 0.662037 0.069270834 0.044444446
2 0.7291667 0.65925926 0.027083334 0.037037037
2 0.6700521 0.66157407 0.024479168 0.03425926
2 0.6411458 0.662037 0.020833334 0.031481482
1 0.5375 0.67546296 0.0072916667 0.03425926
2 0.50364584 0.6782407 0.021875 0.021296296
2 0.45 0.6958333 0.07395833 0.11203704
2 0.4046875 0.6787037 0.013541667 0.024074074
2 0.3984375 0.6800926 0.017708333 0.026851851
2 0.38541666 0.6782407 0.021875 0.03425926
2 0.37291667 0.6773148 0.025 0.037962962
1 0.25390625 0.6736111 0.015104166 0.058333334
1 0.15677084 0.67685187 0.01875 0.06851852
1 0.039322916 0.67777777 0.0203125 0.044444446
