1 0.34375 0.6351852 0.010416667 0.035185184
1 0.23098959 0.65324074 0.022395832 0.09166667
0 0.21432291 0.6337963 0.0109375 0.05462963
0 0.2 0.63055557 0.011458334 0.05740741
0 0.18098958 0.6296296 0.0140625 0.06111111
0 0.12109375 0.6273148 0.0171875 0.0787037
0 0.09921875 0.625 0.0109375 0.072222225
2 0.4140625 0.6240741 0.008333334 0.018518519
1 0.40911457 0.6388889 0.015104166 0.053703703
2 0.40260416 0.6310185 0.013541667 0.021296296
2 0.43333334 0.62824076 0.009375 0.012037037
2 0.44270834 0.6328704 0.015625 0.025
2 0.4518229 0.6333333 0.0203125 0.031481482
2 0.46380207 0.63703704 0.028645834 0.037037037
2 0.47942707 0.64074075 0.034895834 0.055555556
2 0.49505207 0.6365741 0.0484375 0.075
2 0.5096354 0.6462963 0.0453125 0.074074075
2 0.52708334 0.65555555 0.065625 0.09259259
2 0.5734375 0.6657407 0.092708334 0.12407407
2 0.62916666 0.68472224 0.15 0.17870371
2 0.82447916 0.7550926 0.35 0.34907407
