2 0.23541667 0.68101853 0.08229167 0.05462963
2 0.33880207 0.6925926 0.0421875 0.042592593
2 0.36197916 0.6921296 0.025 0.041666668
2 0.3765625 0.6898148 0.019791666 0.037037037
4 0.39479166 0.68333334 0.033333335 0.06111111
2 0.42369792 0.6962963 0.027604166 0.044444446
2 0.43541667 0.69305557 0.020833334 0.037962962
2 0.44348958 0.69305557 0.016145833 0.032407407
2 0.46458334 0.6912037 0.011458334 0.025
4 0.45052084 0.68703705 0.015625 0.037037037
2 0.49713543 0.6962963 0.015104166 0.022222223
2 0.5158854 0.6962963 0.015104166 0.022222223
0 0.521875 0.7013889 0.0125 0.04537037
0 0.5317708 0.70185184 0.0125 0.046296295
0 0.6388021 0.7074074 0.008854167 0.048148148
1 0.8875 0.7185185 0.038541667 0.072222225
2 0.953125 0.725463 0.092708334 0.0712963
