2 0.3359375 0.6611111 0.075 0.08148148
3 0.42291668 0.6050926 0.025 0.060185187
2 0.459375 0.7175926 0.119791664 0.18888889
2 0.5236979 0.6199074 0.018229166 0.030555556
2 0.6372396 0.625 0.061979167 0.042592593
2 0.66328126 0.71666664 0.1390625 0.15925926
2 0.8044271 0.6976852 0.13697916 0.13425925
2 0.9273437 0.6166667 0.061979167 0.035185184
2 0.8799479 0.8208333 0.24010417 0.3564815
2 0.48723957 0.6333333 0.0421875 0.04074074
1 0.53489584 0.6273148 0.011458334 0.032407407
2 0.50416666 0.6226852 0.016666668 0.019444445
