0 0.06276042 0.5726852 0.025520833 0.097222224
0 0.091145836 0.5787037 0.025 0.08888889
1 0.334375 0.599537 0.013541667 0.043518517
2 0.36901042 0.6032407 0.0390625 0.05648148
2 0.3997396 0.59907407 0.011979166 0.018518519
2 0.41796875 0.599537 0.0140625 0.021296296
1 0.45416668 0.61388886 0.025 0.07962963
1 0.48359376 0.62824076 0.019270834 0.08796296
0 0.5072917 0.62824076 0.016666668 0.073148146
2 0.51432294 0.62453705 0.0515625 0.0787037
3 0.48125 0.59212965 0.038541667 0.08240741
0 0.57604164 0.6212963 0.0125 0.05185185
0 0.5515625 0.6125 0.011458334 0.050925925
1 0.58802086 0.6203704 0.013541667 0.06666667
0 0.63203126 0.6319444 0.0171875 0.06388889
0 0.6177083 0.6259259 0.01875 0.06851852
0 0.65208334 0.62685186 0.014583333 0.06666667
2 0.6609375 0.6273148 0.08541667 0.05462963
0 0.6927083 0.63148147 0.015625 0.074074075
0 0.6830729 0.62916666 0.0140625 0.06944445
0 0.7729167 0.6962963 0.042708334 0.25
0 0.8247396 0.67685187 0.038020834 0.18333334
0 0.9505208 0.67546296 0.033333335 0.16388889
