2 0.62890625 0.775463 0.069270834 0.08796296
2 0.5640625 0.7731481 0.104166664 0.12777779
4 0.48541668 0.7111111 0.07604167 0.12777779
2 0.4484375 0.7407407 0.019791666 0.03888889
2 0.44140625 0.73703706 0.0171875 0.02962963
3 0.4375 0.7199074 0.021875 0.050925925
2 0.41015625 0.73194444 0.0140625 0.025
2 0.38671875 0.724537 0.008854167 0.013888889
2 0.37317708 0.72314817 0.009895833 0.0129629625
0 0.10859375 0.7083333 0.0078125 0.04074074
0 0.092447914 0.70555556 0.005729167 0.042592593
0 0.062239584 0.7106481 0.008854167 0.041666668
0 0.0049479166 0.70648146 0.009895833 0.06481481
