0 0.039322916 0.6712963 0.053645834 0.2611111
2 0.27916667 0.6703704 0.2125 0.17592593
0 0.33177084 0.6787037 0.040625 0.21296297
2 0.44453126 0.64537036 0.09010417 0.094444446
2 0.5630208 0.6472222 0.10208333 0.12407407
2 0.65208334 0.62546295 0.029166667 0.039814815
4 0.6684896 0.6037037 0.038020834 0.07777778
0 0.62369794 0.62083334 0.0078125 0.037962962
2 0.69453126 0.6175926 0.013020833 0.02037037
2 0.7205729 0.61851853 0.018229166 0.027777778
0 0.77552086 0.6467593 0.027083334 0.20648149
2 0.92838544 0.712963 0.14114584 0.5740741
